889.113525,955.791870,-42.237854,-966.329834,
-985.444885,-1401.528320,-536.433472,-915.833252,
840.869507,-128.696259,-274.105377,856.027344,
94.638100,21.067612,-124.696350,-942.862061,
-114.253792,126.306580,-274.105377,856.027344,
59.308102,570.970947,-366.967896,824.000610,
-60.527100,181.105957,115.652954,-818.312195,
-60.527100,181.105957,115.652954,-818.312195,
667.968628,797.057983,-775.939941,175.740417,
-11.935974,142.993011,825.206055,338.646881,
236.040894,-205.185303,722.344543,-205.349976,
-16.053493,853.119446,363.800018,227.840942,
-60.527100,181.105957,115.652954,-161.663193,
-191.467850,891.684082,621.946411,17.283230,
-191.467850,891.684082,621.946411,17.283230,
51.645531,-1008.576172,2286.285645,73.895752,
8.683587,1828.859009,2025.301636,-76.689392,
-17.347977,68.354553,-374.091919,48.513199,
-4.342952,1143.191162,297.517700,48.838654,
-4.342952,1143.191162,297.517700,48.838654,
68.722122,-157.183105,-2051.853760,1.492667,
46.651745,986.616333,1743.244629,6.564659,
-18.206434,90.774109,1115.759033,17.078722,
3.801449,2399.273926,-467.148071,-14.329948,
-18.206434,2452.450684,1115.759033,4.267010,
0.458136,264.425568,2141.001953,-11.576530,
0.458136,264.425568,2141.001953,-11.576530,
0.027983,-4.052979,640.441589,8.073954,
0.027983,-4.052979,640.441589,8.073954,
0.027983,-4.052979,640.441589,8.073954,
-1.376328,-54.478424,3741.218262,-4.612386,
1.068520,-3447.608887,-1603.609741,-4.612386,
0.297716,1938.117676,77.674927,-3.414585,
-3.673090,2469.802002,-3644.303711,-0.214447,
0.391315,798.895752,-2104.260254,-1.792635,
-0.866210,1166.073364,-5111.508301,1.108248,
0.562527,2845.930420,5093.597656,1.108248,
1.267048,2046.884521,202.565369,-0.046979,
-1.214203,3145.478271,202.565369,-0.046979,
-0.873706,-2457.638428,-4369.752441,-0.292022,
-0.873706,852.301636,-212.721680,0.067923,
-0.544122,3280.036133,323.023438,-0.126079,
-0.440628,-4059.668701,-1288.124878,-0.064005,
-0.063540,3266.052246,-2102.567871,-0.293968,
-0.063540,3266.052246,-2102.567871,-0.293968,
-0.063540,3266.052246,-2102.567871,-0.293968,
-0.063540,3266.052246,-2102.567871,-0.293968,
0.293827,4861.162109,7992.191406,-0.009973,
0.293827,4861.162109,7992.191406,-0.009973,
0.293827,4861.162109,7992.191406,-0.009973,
0.293827,4861.162109,7992.191406,-0.009973,
-0.191483,-6569.815430,-4450.276855,-0.013594,
0.022363,3795.337402,-5784.970703,-0.040899,
0.014153,-1434.424805,-1751.282104,-0.040622,
0.001679,-6699.622070,-4259.967285,-0.040899,
0.038940,3507.934326,-10658.737305,0.004038,
0.038940,3507.934326,-10658.737305,0.004038,
0.023579,-2458.445068,-2903.691406,-0.010753,
-0.022679,2179.505859,634.508301,0.010898,
-0.022679,7629.855469,-6480.085449,0.005523,
-0.022679,7629.855469,-6480.085449,0.005523,
-0.016015,-9825.171875,-12670.786133,0.005253,
-0.016015,-9825.171875,-12670.786133,0.005253,
0.002760,7016.103027,-899.471069,0.012255,
0.002760,-2119.203369,-899.471069,0.012255,
0.002760,-2119.203369,-899.471069,0.012255,
-0.010584,-3761.565674,16713.949219,0.002543,
-0.010584,143.506592,-5984.503906,0.002543,
-0.010584,143.506592,-5984.503906,0.002543,
-0.010584,143.506592,-5984.503906,0.002543,
-0.005556,-7885.900391,2165.721191,0.004284,
-0.005556,-7885.900391,2165.721191,0.004284,
-0.005556,-7885.900391,2165.721191,0.004284,
-0.005556,-7885.900391,2165.721191,0.004284,
-0.005661,-5295.442383,-12163.498047,0.001464,
0.001169,5977.574219,11837.139648,-0.000860,
0.004228,2904.632324,-1413.056641,0.003124,
0.004228,2904.632324,-1413.056641,0.003124,
0.001169,5977.574219,20760.662109,-0.000860,
0.001169,5977.574219,20760.662109,-0.000860,
0.001169,5977.574219,20760.662109,-0.000860,
0.001169,5977.574219,20760.662109,-0.000860,
0.001169,5977.574219,20760.662109,-0.000860,
0.001169,5977.574219,20760.662109,-0.000860,
0.001169,5977.574219,20760.662109,-0.000860,
-0.000226,5977.574219,20760.662109,0.004065,
-0.000619,3245.750977,718.886230,-0.000751,
-0.000619,3245.750977,718.886230,-0.000751,
-0.000619,3245.750977,718.886230,-0.000751,
-0.000619,3245.750977,718.886230,-0.000751,
-0.000619,3245.750977,718.886230,-0.000751,
-0.000619,3245.750977,718.886230,-0.000751,
-0.000619,3245.750977,718.886230,-0.000751,
-0.000619,3245.750977,718.886230,-0.000751,
-0.000619,3245.750977,718.886230,-0.000751,
-0.000619,3245.750977,718.886230,-0.000751,
-0.000619,3245.750977,718.886230,-0.000751,
-0.000619,3245.750977,718.886230,-0.000751,
0.002932,3106.269043,11784.837891,0.002003,
0.002932,3106.269043,11784.837891,0.002003,
0.002932,3106.269043,11784.837891,0.002003,
0.002932,3106.269043,11784.837891,0.002003,
0.002932,3106.269043,11784.837891,0.002003,
0.002932,3106.269043,11784.837891,0.002003,
0.002932,3106.269043,11784.837891,0.002003,
0.002932,3106.269043,11784.837891,0.002003,
0.002932,3106.269043,11784.837891,0.002003,
0.002932,3106.269043,11784.837891,0.002003,
0.002932,3106.269043,11784.837891,0.002003,
0.002932,3106.269043,11784.837891,0.002003,
0.002932,3106.269043,11784.837891,0.002003,
0.002932,3106.269043,11784.837891,0.002003,
0.002932,3106.269043,11784.837891,0.002003,
0.002932,3106.269043,11784.837891,0.002003,
0.002932,3106.269043,11784.837891,0.002003,
0.002932,3106.269043,11784.837891,0.002003,
0.002932,3106.269043,11784.837891,0.002003,
0.002932,3106.269043,11784.837891,0.002003,
0.002932,3106.269043,11784.837891,0.002003,
0.002932,3106.269043,11784.837891,0.002003,
0.002932,3106.269043,11784.837891,0.002003,
0.002932,3106.269043,11784.837891,0.002003,
0.002932,3106.269043,11784.837891,0.002003,
0.002932,3106.269043,11784.837891,0.002003,
0.002932,3106.269043,11784.837891,0.002003,
0.002932,3106.269043,11784.837891,0.002003,
0.002932,3106.269043,11784.837891,0.002003,
0.002932,3106.269043,11784.837891,0.002003,
0.002932,3106.269043,11784.837891,0.002003,
0.002932,3106.269043,11784.837891,0.002003,
0.002932,3106.269043,11784.837891,0.002003,
0.002932,3106.269043,11784.837891,0.002003,
0.002932,3106.269043,11784.837891,0.002003,
0.002932,3106.269043,11784.837891,0.002003,
0.002932,3106.269043,11784.837891,0.002003,
0.002932,3106.269043,11784.837891,0.002003,
0.002932,3106.269043,11784.837891,0.002003,
0.002932,3106.269043,11784.837891,0.002003,
0.002932,3106.269043,11784.837891,0.002003,
0.002932,3106.269043,11784.837891,0.002003,
0.002932,3106.269043,11784.837891,0.002003,
0.002932,3106.269043,11784.837891,0.002003,
0.002932,3106.269043,11784.837891,0.002003,
0.002932,3106.269043,11784.837891,0.002003,
0.002932,3106.269043,11784.837891,0.002003,
0.002932,3106.269043,11784.837891,0.002003,
0.002932,3106.269043,11784.837891,0.002003,
0.002932,3106.269043,11784.837891,0.002003,
0.002932,3106.269043,11784.837891,0.002003,
0.002932,3106.269043,11784.837891,0.002003,
-0.000087,-908.707153,12635.097656,0.001497,
-0.000087,-908.707153,12635.097656,0.001497,
-0.000087,-908.707153,12635.097656,0.001497,
-0.000087,-908.707153,12635.097656,0.001497,
-0.000087,-908.707153,12635.097656,0.001497,
-0.000087,-908.707153,12635.097656,0.001497,
-0.000087,-908.707153,12635.097656,0.001497,
-0.000087,-908.707153,12635.097656,0.001497,
-0.000087,-908.707153,12635.097656,0.001497,
-0.000087,-908.707153,12635.097656,0.001497,
-0.000087,-908.707153,12635.097656,0.001497,
-0.000087,-908.707153,12635.097656,0.001497,
-0.000087,-908.707153,12635.097656,0.001497,
-0.000087,-908.707153,12635.097656,0.001497,
-0.000087,-908.707153,12635.097656,0.001497,
-0.001017,47.290039,11615.083008,0.002029,
-0.001017,47.290039,11615.083008,0.002029,
-0.001017,47.290039,11615.083008,0.002029,
-0.000087,-908.707153,3362.303711,0.001497,
-0.000087,-908.707153,3362.303711,0.001497,
-0.000087,-908.707153,3362.303711,0.001497,
-0.000087,-908.707153,3362.303711,0.001497,
-0.000087,-908.707153,3362.303711,0.001497,
-0.000087,-908.707153,3362.303711,0.001497,
-0.000087,-908.707153,3362.303711,0.001497,
-0.000087,-908.707153,3362.303711,0.001497,
-0.000087,-908.707153,3362.303711,0.001497,
-0.000087,-908.707153,3362.303711,0.001497,
-0.000087,-908.707153,3362.303711,0.001497,
-0.000087,-908.707153,3362.303711,0.001497,
-0.000087,-908.707153,3362.303711,0.001497,
-0.000087,-908.707153,3362.303711,0.001497,
-0.000087,-908.707153,3362.303711,0.001497,
-0.000087,-908.707153,3362.303711,0.001497,
-0.000087,-908.707153,3362.303711,0.001497,
-0.000087,-908.707153,3362.303711,0.001497,
-0.000087,-908.707153,3362.303711,0.001497,
-0.000087,-908.707153,3362.303711,0.001497,
-0.000087,-908.707153,3362.303711,0.001497,
-0.000087,-908.707153,3362.303711,0.001497,
-0.000087,-908.707153,3362.303711,0.001497,
-0.000087,-908.707153,3362.303711,0.001497,
-0.000087,-908.707153,3362.303711,0.001497,
-0.000087,-908.707153,3362.303711,0.001497,
-0.000087,-908.707153,3362.303711,0.001497,
-0.000087,-908.707153,3362.303711,0.001497,
-0.000087,-908.707153,3362.303711,0.001497,
-0.000087,-908.707153,3362.303711,0.001497,
-0.000087,-908.707153,3362.303711,0.001497,
-0.000087,-908.707153,3362.303711,0.001497,
-0.000087,-908.707153,3362.303711,0.001497,
-0.000087,-908.707153,3362.303711,0.001497,
-0.000087,-908.707153,3362.303711,0.001497,
-0.000087,-908.707153,3362.303711,0.001497,
-0.000087,-908.707153,3362.303711,0.001497,
-0.000087,-908.707153,3362.303711,0.001497,
-0.000087,-908.707153,3362.303711,0.001497,
-0.000087,-908.707153,3362.303711,0.001497,
-0.000087,-908.707153,3362.303711,0.001497,
-0.000087,-908.707153,3362.303711,0.001497,
-0.000087,-908.707153,3362.303711,0.001497,
-0.000087,-908.707153,3362.303711,0.001497,
-0.000087,-908.707153,3362.303711,0.001497,
-0.000087,-908.707153,3362.303711,0.001497,
-0.000087,-908.707153,3362.303711,0.001497,
-0.000087,-908.707153,3362.303711,0.001497,
-0.000087,-908.707153,3362.303711,0.001497,
-0.000087,-908.707153,3362.303711,0.001497,
-0.000087,-908.707153,3362.303711,0.001497,
-0.000087,-908.707153,3362.303711,0.001497,
-0.000087,-908.707153,3362.303711,0.001497,
-0.000087,-908.707153,3362.303711,0.001497,
-0.000087,-908.707153,3362.303711,0.001497,
-0.000087,-908.707153,3362.303711,0.001497,
-0.000087,-908.707153,3362.303711,0.001497,
-0.000087,-908.707153,3362.303711,0.001497,
-0.000087,-908.707153,3362.303711,0.001497,
-0.000087,-908.707153,3362.303711,0.001497,
-0.000087,-908.707153,3362.303711,0.001497,
-0.000087,-908.707153,3362.303711,0.001497,
-0.000087,-908.707153,3362.303711,0.001497,
-0.000087,-908.707153,3362.303711,0.001497,
-0.000087,-908.707153,3362.303711,0.001497,
-0.000087,-4425.451660,20377.820313,0.001627,
-0.000087,-4425.451660,20377.820313,0.001627,
-0.000087,-4425.451660,20377.820313,0.001627,
-0.000087,-4425.451660,20377.820313,0.001627,
-0.000087,-4425.451660,20377.820313,0.001627,
-0.000087,-4425.451660,20377.820313,0.001627,
-0.000087,-4425.451660,20377.820313,0.001627,
-0.000087,-4425.451660,20377.820313,0.001627,
-0.000087,-4425.451660,20377.820313,0.001627,
-0.000087,-4425.451660,20377.820313,0.001627,
-0.000087,-4425.451660,20377.820313,0.001627,
-0.000087,-4425.451660,20377.820313,0.001627,
-0.000087,-4425.451660,20377.820313,0.001627,
-0.000087,-4425.451660,20377.820313,0.001627,
-0.000087,-4425.451660,20377.820313,0.001627,
-0.000087,-4425.451660,20377.820313,0.001627,
-0.000087,-4425.451660,20377.820313,0.001627,
-0.000087,-4425.451660,20377.820313,0.001627,
-0.000087,-4425.451660,20377.820313,0.001627,
-0.000087,-4425.451660,20377.820313,0.001627,
-0.000087,-4425.451660,20377.820313,0.001627,
-0.000087,-4425.451660,20377.820313,0.001627,
-0.000087,-4425.451660,20377.820313,0.001627,
-0.000087,-4425.451660,20377.820313,0.001627,
-0.000087,-4425.451660,20377.820313,0.001627,
-0.000087,-4425.451660,20377.820313,0.001627,
-0.000087,-4425.451660,20377.820313,0.001627,
-0.000087,-4425.451660,20377.820313,0.001627,
-0.000087,-4425.451660,20377.820313,0.001627,
-0.000087,-4425.451660,20377.820313,0.001627,
-0.000087,-4425.451660,20377.820313,0.001627,
-0.000087,-4425.451660,20377.820313,0.001627,
-0.000087,-4425.451660,20377.820313,0.001627,
-0.000087,-4425.451660,20377.820313,0.001627,
-0.000087,-4425.451660,20377.820313,0.001627,
-0.000087,-4425.451660,20377.820313,0.001627,
-0.000087,-4425.451660,20377.820313,0.001627,
-0.000087,-4425.451660,20377.820313,0.001627,
-0.000087,15188.062500,27271.195313,0.001444,
-0.000087,15188.062500,27271.195313,0.001444,
-0.000087,15188.062500,27271.195313,0.001444,
-0.000087,15188.062500,27271.195313,0.001444,
-0.000087,15188.062500,27271.195313,0.001444,
-0.000087,15188.062500,27271.195313,0.001444,
-0.000087,15188.062500,27271.195313,0.001444,
-0.000087,15188.062500,27271.195313,0.001444,
-0.000087,15188.062500,27271.195313,0.001444,
-0.000087,15188.062500,27271.195313,0.001444,
-0.000087,15188.062500,27271.195313,0.001444,
-0.000087,15188.062500,27271.195313,0.001444,
-0.000087,15188.062500,27271.195313,0.001444,
-0.000087,15188.062500,27271.195313,0.001444,
-0.000087,15188.062500,27271.195313,0.001444,
-0.000087,15188.062500,27271.195313,0.001444,
-0.000087,15188.062500,27271.195313,0.001444,
-0.000087,15188.062500,27271.195313,0.001444,
-0.000087,15188.062500,27271.195313,0.001444,
-0.000087,15188.062500,27271.195313,0.001444,
-0.000087,15188.062500,27271.195313,0.001444,
-0.000087,15188.062500,27271.195313,0.001444,
-0.000087,15188.062500,29896.917969,0.001270,
-0.000087,15188.062500,29896.917969,0.001270,
-0.000087,15188.062500,29896.917969,0.001270,
-0.000087,15188.062500,29896.917969,0.001270,
-0.000087,15188.062500,29896.917969,0.001270,
-0.000087,15188.062500,29896.917969,0.001270,
-0.000087,15188.062500,29896.917969,0.001270,
-0.000087,15188.062500,29896.917969,0.001270,
-0.000087,15188.062500,29896.917969,0.001270,
-0.000087,15188.062500,29896.917969,0.001270,
-0.000087,15188.062500,29896.917969,0.001270,
-0.000087,15188.062500,29896.917969,0.001270,
-0.000087,15188.062500,29896.917969,0.001270,
-0.000087,15188.062500,29896.917969,0.001270,
-0.000087,15188.062500,29896.917969,0.001270,
-0.000087,15188.062500,29896.917969,0.001270,
-0.000087,15188.062500,29896.917969,0.001270,
-0.000087,15188.062500,29896.917969,0.001270,
-0.000087,15188.062500,29896.917969,0.001270,
-0.000087,15188.062500,29896.917969,0.001270,
-0.000087,15188.062500,29896.917969,0.001270,
-0.000087,15188.062500,29896.917969,0.001270,
-0.000087,15188.062500,29896.917969,0.001270,
-0.000087,15188.062500,29896.917969,0.001270,
-0.000087,15188.062500,29896.917969,0.001270,
-0.000087,15188.062500,29896.917969,0.001270,
-0.000087,15188.062500,29896.917969,0.001270,
-0.000087,15188.062500,29896.917969,0.001270,
-0.000087,15188.062500,29896.917969,0.001270,
-0.000087,15188.062500,29896.917969,0.001270,
-0.000087,15188.062500,29896.917969,0.001270,
-0.000087,15188.062500,29896.917969,0.001270,
-0.000087,15188.062500,29896.917969,0.001270,
-0.000087,-24717.031250,29896.917969,0.001270,
-0.000087,-24717.031250,29896.917969,0.001270,
-0.000087,-24717.031250,-66838.554688,0.001033,
-0.000087,-24717.031250,-66838.554688,0.001033,
-0.000087,-24717.031250,-66838.554688,0.001033,
-0.000087,-24717.031250,-66838.554688,0.001033,
-0.000087,-24717.031250,-66838.554688,0.001033,
-0.000087,-24717.031250,-66838.554688,0.001033,
-0.000087,-24717.031250,-66838.554688,0.001033,
-0.000087,-24717.031250,-66838.554688,0.001033,
-0.000087,-24717.031250,-66838.554688,0.001033,
-0.000087,-24717.031250,-66838.554688,0.001033,
-0.000087,-24717.031250,-66838.554688,0.001033,
-0.000087,-24717.031250,-66838.554688,0.001033,
-0.000087,-24717.031250,-66838.554688,0.001033,
-0.000087,-24717.031250,-66838.554688,0.001033,
-0.000087,-24717.031250,-66838.554688,0.001033,
-0.000087,-24717.031250,-66838.554688,0.001033,
-0.000087,-24717.031250,-66838.554688,0.001033,
-0.000087,-24717.031250,-66838.554688,0.001033,
-0.000087,-24717.031250,-66838.554688,0.001033,
-0.000087,-24717.031250,-66838.554688,0.001033,
-0.000087,-24717.031250,-66838.554688,0.001033,
-0.000087,-24717.031250,-66838.554688,0.001033,
-0.000087,-24717.031250,-66838.554688,0.001033,
-0.000087,-24717.031250,-66838.554688,0.001033,
-0.000087,-24717.031250,-66838.554688,0.001033,
-0.000087,-24717.031250,-66838.554688,0.001033,
-0.000087,-24717.031250,-66838.554688,0.001033,
-0.000087,-24717.031250,-66838.554688,0.001033,
-0.000087,-24717.031250,-66838.554688,0.001033,
-0.000087,-24717.031250,-66838.554688,0.001033,
-0.000087,-24717.031250,-66838.554688,0.001033,
-0.000087,-24717.031250,-66838.554688,0.001033,
-0.000087,-24717.031250,-66838.554688,0.001033,
-0.000087,-24717.031250,-66838.554688,0.001033,
-0.000087,-24717.031250,-66838.554688,0.001033,
-0.000087,-24717.031250,-66838.554688,0.001033,
-0.000087,-24717.031250,-66838.554688,0.001033,
-0.000087,-24717.031250,-66838.554688,0.001033,
-0.000087,-24717.031250,-66838.554688,0.001033,
-0.000087,-24717.031250,-66838.554688,0.001033,
-0.000087,-24717.031250,-66838.554688,0.001033,
-0.000087,-24717.031250,-66838.554688,0.001033,
-0.000087,-24717.031250,-66838.554688,0.001033,
-0.000087,-24717.031250,-66838.554688,0.001033,
-0.000087,-24717.031250,-66838.554688,0.001033,
-0.000087,-24717.031250,-66838.554688,0.001033,
-0.000087,-24717.031250,-66838.554688,0.001033,
-0.000087,-24717.031250,-66838.554688,0.001033,
-0.000087,-24717.031250,86119.789063,0.001033,
-0.000087,-24717.031250,86119.789063,0.001033,
-0.000087,-24717.031250,86119.789063,0.001033,
-0.000087,-24717.031250,86119.789063,0.001033,
-0.000087,-24717.031250,86119.789063,0.001033,
-0.000087,-24717.031250,86119.789063,0.001033,
-0.000087,-24717.031250,86119.789063,0.001033,
-0.000087,-24717.031250,86119.789063,0.001033,
-0.000087,-24717.031250,86119.789063,0.001033,
-0.000087,-24717.031250,86119.789063,0.001033,
-0.000087,-24717.031250,86119.789063,0.001033,
-0.000087,-24717.031250,86119.789063,0.001033,
-0.000087,-4738.995117,-55632.761719,0.001033,
-0.000087,-4738.995117,-55632.761719,0.001033,
-0.000087,-4738.995117,-55632.761719,0.001033,
-0.000087,-4738.995117,-55632.761719,0.001033,
-0.000087,-4738.995117,-55632.761719,0.001033,
-0.000087,-4738.995117,-55632.761719,0.001033,
-0.004513,-1333.959351,6479.625000,0.001938,
-0.004513,-1333.959351,6479.625000,0.001938,
-0.004513,-1333.959351,6479.625000,0.001938,
-0.004513,-1333.959351,6479.625000,0.001938,
-0.004513,-1333.959351,6479.625000,0.001938,
-0.004513,-1333.959351,6479.625000,0.001938,
-0.004513,-1333.959351,6479.625000,0.001938,
-0.004513,-1333.959351,6479.625000,0.001938,
-0.004513,-1333.959351,6479.625000,0.001938,
-0.004513,-1333.959351,6479.625000,0.001938,
-0.004513,-1333.959351,6479.625000,0.001938,
-0.004513,-1333.959351,6479.625000,0.001938,
-0.004513,-1333.959351,6479.625000,0.001938,
-0.004513,-1333.959351,6479.625000,0.001938,
-0.004513,-1333.959351,6479.625000,0.001938,
-0.004513,-1333.959351,6479.625000,0.001938,
-0.004513,-1333.959351,6479.625000,0.001938,
-0.004513,-1333.959351,6479.625000,0.001938,
-0.004513,-1333.959351,6479.625000,0.001938,
-0.004513,-1333.959351,6479.625000,0.001938,
-0.004513,-1333.959351,6479.625000,0.001938,
-0.004513,-1333.959351,6479.625000,0.001938,
-0.004513,-1333.959351,6479.625000,0.001938,
-0.004513,-1333.959351,6479.625000,0.001938,
-0.004513,-1333.959351,6479.625000,0.001938,
-0.004513,-1333.959351,6479.625000,0.001938,
-0.004513,-1333.959351,6479.625000,0.001938,
-0.004513,-1333.959351,6479.625000,0.001938,
-0.004513,-1333.959351,6479.625000,0.001938,
-0.004513,-1333.959351,6479.625000,0.001938,
-0.004513,-1333.959351,6479.625000,0.001938,
-0.004513,-1333.959351,6479.625000,0.001938,
-0.004513,-1333.959351,6479.625000,0.001938,
-0.004513,-1333.959351,6479.625000,0.001938,
-0.004513,-1333.959351,6479.625000,0.001938,
-0.004513,-1333.959351,6479.625000,0.001938,
-0.004513,-1333.959351,6479.625000,0.001938,
-0.004513,-1333.959351,6479.625000,0.001938,
-0.004513,-1333.959351,6479.625000,0.001938,
-0.004513,-1333.959351,6479.625000,0.001938,
-0.004513,-1333.959351,6479.625000,0.001938,
-0.004513,-1333.959351,6479.625000,0.001938,
-0.004513,-1333.959351,6479.625000,0.001938,
0.020754,617.041016,-14742.548828,0.001732,
0.020754,617.041016,-14742.548828,0.001732,
0.020754,617.041016,-14742.548828,0.001732,
0.020754,617.041016,-14742.548828,0.001732,
0.020754,617.041016,-14742.548828,0.001732,
0.020754,617.041016,-14742.548828,0.001732,
0.020754,617.041016,-14742.548828,0.001732,
0.020754,617.041016,-14742.548828,0.001732,
0.020754,617.041016,-14742.548828,0.001732,
0.020754,617.041016,-14742.548828,0.001732,
0.020754,617.041016,-14742.548828,0.001732,
0.020754,617.041016,-14742.548828,0.001732,
0.020754,617.041016,-14742.548828,0.001732,
0.020754,617.041016,-14742.548828,0.001732,
0.020754,617.041016,-14742.548828,0.001732,
0.020754,617.041016,-14742.548828,0.001732,
0.020754,617.041016,-14742.548828,0.001732,
0.020754,617.041016,-14742.548828,0.001732,
0.020754,617.041016,-14742.548828,0.001732,
0.020754,617.041016,-14742.548828,0.001732,
0.020754,617.041016,-14742.548828,0.001732,
0.020754,617.041016,-14742.548828,0.001732,
0.020754,617.041016,-14742.548828,0.001732,
0.020754,617.041016,-14742.548828,0.001732,
0.020754,617.041016,-14742.548828,0.001732,
0.020754,617.041016,-14742.548828,0.001732,
0.020754,617.041016,-14742.548828,0.001732,
0.020754,617.041016,-14742.548828,0.001732,
0.020754,617.041016,-14742.548828,0.001732,
0.020754,617.041016,-14742.548828,0.001732,
0.020754,617.041016,-14742.548828,0.001732,
0.020754,617.041016,-14742.548828,0.001732,
0.020754,617.041016,-14742.548828,0.001732,
0.020754,617.041016,-14742.548828,0.001732,
0.020754,617.041016,-14742.548828,0.001732,
0.020754,617.041016,-14742.548828,0.001732,
0.020754,617.041016,-14742.548828,0.001732,
0.020754,617.041016,-14742.548828,0.001732,
0.020754,617.041016,-14742.548828,0.001732,
0.020754,617.041016,-14742.548828,0.001732,
0.020754,617.041016,-14742.548828,0.001732,
0.020754,617.041016,-14742.548828,0.001732,
0.020754,617.041016,-14742.548828,0.001732,
0.020754,617.041016,-14742.548828,0.001732,
0.020754,617.041016,-14742.548828,0.001732,
0.020754,617.041016,-14742.548828,0.001732,
0.020754,617.041016,-14742.548828,0.001732,
0.020754,617.041016,-14742.548828,0.001732,
0.020754,617.041016,-14742.548828,0.001732,
0.020754,617.041016,-14742.548828,0.001732,
0.020754,617.041016,-14742.548828,0.001732,
0.020754,617.041016,-14742.548828,0.001732,
0.020754,617.041016,-14742.548828,0.001732,
0.020754,617.041016,-14742.548828,0.001732,
0.020754,617.041016,-14742.548828,0.001732,
0.020754,617.041016,-14742.548828,0.001732,
0.020754,617.041016,-14742.548828,0.001732,
0.020754,617.041016,-14742.548828,0.001732,
0.020754,617.041016,-14742.548828,0.001732,
0.020754,617.041016,-14742.548828,0.001732,
0.020754,617.041016,-14742.548828,0.001732,
0.020754,617.041016,-14742.548828,0.001732,
0.020754,617.041016,-14742.548828,0.001732,
0.020754,617.041016,-14742.548828,0.001732,
0.020754,617.041016,-14742.548828,0.001732,
0.020754,617.041016,-14742.548828,0.001732,
0.020754,617.041016,-14742.548828,0.001732,
0.020754,617.041016,-14742.548828,0.001732,
0.020754,617.041016,-14742.548828,0.001732,
0.020754,617.041016,-14742.548828,0.001732,
0.020754,617.041016,11998.708984,0.002562,
0.020754,617.041016,11998.708984,0.002562,
0.020754,617.041016,11998.708984,0.002562,
0.020754,617.041016,11998.708984,0.002562,
0.020754,617.041016,11998.708984,0.002562,
0.020754,617.041016,11998.708984,0.002562,
0.020754,617.041016,11998.708984,0.002562,
0.020754,617.041016,11998.708984,0.002562,
0.020754,617.041016,11998.708984,0.002562,
0.020754,617.041016,11998.708984,0.002562,
0.020754,617.041016,11998.708984,0.002562,
0.020754,617.041016,11998.708984,0.002562,
0.020754,617.041016,11998.708984,0.002562,
0.020754,617.041016,11998.708984,0.002562,
0.020754,617.041016,11998.708984,0.002562,
0.020754,617.041016,11998.708984,0.002562,
0.020754,617.041016,11998.708984,0.002562,
0.020754,617.041016,11998.708984,0.002562,
0.020754,617.041016,11998.708984,0.002562,
0.020754,617.041016,11998.708984,0.002562,
0.020754,617.041016,11998.708984,0.002562,
0.020754,617.041016,11998.708984,0.002562,
0.020754,617.041016,11998.708984,0.002562,
0.020754,617.041016,11998.708984,0.002562,
0.020754,617.041016,11998.708984,0.002562,
0.020754,617.041016,11998.708984,0.002562,
0.020754,617.041016,11998.708984,0.002562,
0.020754,617.041016,11998.708984,0.002562,
0.020754,617.041016,11998.708984,0.002562,
0.020754,617.041016,11998.708984,0.002562,
0.020754,617.041016,11998.708984,0.002562,
0.020754,617.041016,11998.708984,0.002562,
0.020754,617.041016,11998.708984,0.002562,
0.020754,617.041016,11998.708984,0.002562,
0.020754,617.041016,11998.708984,0.002562,
0.020754,617.041016,11998.708984,0.002562,
0.020754,617.041016,11998.708984,0.002562,
0.020754,617.041016,11998.708984,0.002562,
0.020754,617.041016,11998.708984,0.002562,
0.020754,617.041016,11998.708984,0.002562,
0.020754,617.041016,11998.708984,0.002562,
0.020754,617.041016,11998.708984,0.002562,
0.020754,617.041016,11998.708984,0.002562,
0.020754,617.041016,11998.708984,0.002562,
0.020754,617.041016,11998.708984,0.002562,
0.020754,617.041016,11998.708984,0.002562,
0.020754,617.041016,11998.708984,0.002562,
0.020754,617.041016,11998.708984,0.002562,
0.020754,617.041016,11998.708984,0.002562,
0.020754,617.041016,11998.708984,0.002562,
0.020754,617.041016,11998.708984,0.002562,
0.020754,617.041016,11998.708984,0.002562,
0.020754,617.041016,11998.708984,0.002562,
0.020754,617.041016,11998.708984,0.002562,
0.020754,617.041016,11998.708984,0.002562,
0.020754,617.041016,11998.708984,0.002562,
0.020754,617.041016,11998.708984,0.002562,
0.020754,617.041016,11998.708984,0.002562,
0.020754,617.041016,11998.708984,0.002562,
0.020754,617.041016,11998.708984,0.002562,
0.020754,617.041016,11998.708984,0.002562,
0.020754,617.041016,11998.708984,0.002562,
0.020754,617.041016,11998.708984,0.002562,
0.020754,617.041016,11998.708984,0.002562,
0.020754,617.041016,11998.708984,0.002562,
0.020754,617.041016,11998.708984,0.002562,
0.020754,617.041016,11998.708984,0.002562,
0.020754,617.041016,11998.708984,0.002562,
0.020754,617.041016,11998.708984,0.002562,
0.020754,617.041016,11998.708984,0.002562,
0.020754,617.041016,11998.708984,0.002562,
0.020754,617.041016,11998.708984,0.002562,
0.020754,617.041016,11998.708984,0.002562,
0.020754,617.041016,11998.708984,0.002562,
0.020754,617.041016,11998.708984,0.002562,
0.020754,617.041016,11998.708984,0.002562,
0.020754,617.041016,11998.708984,0.002562,
0.020754,617.041016,11998.708984,0.002562,
0.093222,4790.992676,-15957.138672,0.001370,
0.093222,4790.992676,-15957.138672,0.001370,
0.093222,4790.992676,-15957.138672,0.001370,
0.093222,4790.992676,-15957.138672,0.001370,
0.093222,4790.992676,-15957.138672,0.001370,
0.093222,4790.992676,-15957.138672,0.001370,
0.093222,4790.992676,-15957.138672,0.001370,
0.093222,4790.992676,-15957.138672,0.001370,
0.093222,4790.992676,-15957.138672,0.001370,
0.093222,4790.992676,-15957.138672,0.001370,
-0.057252,-6207.010742,9881.871094,0.001669,
-0.057252,-6207.010742,9881.871094,0.001669,
-0.057252,-6207.010742,9881.871094,0.001669,
-0.057252,-6207.010742,9881.871094,0.001669,
-0.057252,-6207.010742,9881.871094,0.001669,
-0.057252,-6207.010742,9881.871094,0.001669,
-0.057252,-6207.010742,9881.871094,0.001669,
-0.057252,-6207.010742,9881.871094,0.001669,
-0.057252,-6207.010742,-67439.148438,0.001669,
-0.057252,-6207.010742,-67439.148438,0.001669,
-0.057252,-6207.010742,-67439.148438,0.001669,
-0.057252,-6207.010742,-67439.148438,0.001669,
-0.057252,-6207.010742,-67439.148438,0.001669,
-0.057252,-6207.010742,-67439.148438,0.001669,
-0.057252,-6207.010742,-67439.148438,0.001669,
-0.057252,-6207.010742,-67439.148438,0.001669,
-0.118929,5079.988770,75516.546875,-0.010004,
-0.118929,5079.988770,75516.546875,-0.010004,
-0.118929,5079.988770,75516.546875,-0.010004,
-0.118929,5079.988770,75516.546875,-0.010004,
-0.118929,5079.988770,75516.546875,-0.010004,
-0.118929,5079.988770,17089.265625,0.002635,
-0.118929,5079.988770,17089.265625,0.002635,
-0.118929,5079.988770,17089.265625,0.002635,
-0.118929,5079.988770,17089.265625,0.002635,
-0.118929,5079.988770,17089.265625,0.002635,
-0.118929,5079.988770,17089.265625,0.002635,
-0.057252,6415.984375,-67439.148438,-0.003583,
-0.057252,6415.984375,-67439.148438,-0.003583,
-0.057252,6415.984375,-67439.148438,-0.003583,
-0.057252,6415.984375,-67439.148438,-0.003583,
-0.057252,6415.984375,-67439.148438,-0.003583,
-0.057252,6415.984375,-67439.148438,-0.003583,
-0.057252,6415.984375,-67439.148438,-0.003583,
-0.057252,6415.984375,-67439.148438,-0.003583,
-0.057252,6415.984375,-67439.148438,-0.003583,
-0.057252,6415.984375,-67439.148438,-0.003583,
-0.057252,6415.984375,-67439.148438,-0.003583,
-0.057252,6415.984375,-67439.148438,-0.003583,
-0.057252,6415.984375,-67439.148438,-0.003583,
-0.057252,6415.984375,-67439.148438,-0.003583,
-0.057252,6415.984375,-67439.148438,-0.003583,
-0.057252,-746.984253,42133.386719,0.000449,
-0.057252,-746.984253,42133.386719,0.000449,
-0.057252,-746.984253,-36155.550781,-0.005426,
0.950329,-746.984253,121298.062500,-0.000637,
0.950329,-746.984253,121298.062500,-0.000637,
0.950329,-746.984253,121298.062500,-0.000637,
0.950329,-746.984253,121298.062500,-0.000637,
0.950329,-746.984253,121298.062500,-0.000637,
0.471979,7848.985352,48859.335938,-0.001196,
0.471979,7848.985352,48859.335938,-0.001196,
0.471979,7848.985352,48859.335938,-0.001196,
0.471979,7848.985352,48859.335938,-0.001196,
0.471979,7848.985352,48859.335938,-0.001196,
0.471979,7848.985352,48859.335938,-0.001196,
0.471979,7848.985352,48859.335938,-0.001196,
0.471979,7848.985352,48859.335938,-0.001196,
0.471979,7848.985352,48859.335938,-0.001196,
0.471979,7848.985352,48859.335938,-0.001196,
0.471979,7848.985352,48859.335938,-0.001196,
0.471979,7848.985352,48859.335938,-0.001196,
0.471979,7848.985352,48859.335938,-0.001196,
0.471979,7848.985352,48859.335938,-0.001196,
0.471979,7848.985352,48859.335938,-0.001196,
0.471979,7848.985352,48859.335938,-0.001196,
0.471979,7848.985352,48859.335938,-0.001196,
0.471979,7848.985352,48859.335938,-0.002856,
0.471979,7848.985352,48859.335938,-0.002856,
0.471979,7848.985352,48859.335938,-0.002856,
0.471979,7848.985352,48859.335938,-0.002856,
0.471979,7848.985352,48859.335938,-0.002856,
0.471979,7848.985352,48859.335938,-0.002856,
0.471979,7848.985352,48859.335938,-0.002856,
0.471979,7848.985352,48859.335938,-0.002856,
0.471979,7848.985352,48859.335938,-0.002856,
0.471979,7848.985352,48859.335938,-0.002856,
0.471979,7848.985352,48859.335938,-0.002856,
0.471979,7848.985352,48859.335938,-0.002856,
0.471979,7848.985352,48859.335938,-0.002856,
0.471979,7848.985352,48859.335938,-0.002856,
0.471979,7848.985352,48859.335938,-0.002856,
0.471979,7848.985352,48859.335938,-0.002856,
0.471979,7848.985352,48859.335938,-0.002856,
0.471979,7848.985352,48859.335938,-0.002856,
0.471979,7848.985352,48859.335938,-0.002856,
0.471979,7848.985352,48859.335938,-0.002856,
0.471979,7848.985352,48859.335938,-0.002856,
0.471979,7848.985352,48859.335938,-0.002856,
0.471979,7848.985352,48859.335938,-0.002856,
0.471979,7848.985352,48859.335938,-0.002856,
0.471979,7848.985352,48859.335938,-0.002856,
0.471979,7848.985352,48859.335938,-0.002856,
0.471979,7848.985352,48859.335938,-0.002856,
0.471979,7848.985352,48859.335938,-0.002856,
0.471979,7848.985352,48859.335938,-0.002856,
0.471979,7848.985352,48859.335938,-0.002856,
0.471979,7848.985352,48859.335938,-0.002856,
0.471979,7848.985352,48859.335938,-0.002856,
0.471979,7848.985352,48859.335938,-0.002856,
0.471979,7848.985352,48859.335938,-0.002856,
0.471979,7848.985352,48859.335938,-0.002856,
0.471979,7848.985352,48859.335938,-0.002856,
0.471979,7848.985352,48859.335938,-0.002856,
0.471979,7848.985352,48859.335938,-0.002856,
0.471979,7848.985352,48859.335938,-0.002856,
0.471979,7848.985352,48859.335938,-0.002856,
0.471979,7848.985352,48859.335938,-0.002856,
0.471979,7848.985352,48859.335938,-0.002856,
0.471979,7848.985352,48859.335938,-0.002856,
0.471979,7848.985352,48859.335938,-0.002856,
0.471979,7848.985352,48859.335938,-0.002856,
0.471979,7848.985352,48859.335938,-0.002856,
0.471979,7848.985352,48859.335938,-0.002856,
0.471979,7848.985352,48859.335938,-0.002856,
0.471979,7848.985352,48859.335938,-0.002856,
0.471979,7848.985352,48859.335938,-0.002856,
0.471979,7848.985352,48859.335938,-0.002856,
0.471979,7848.985352,48859.335938,-0.002856,
0.471979,7848.985352,48859.335938,-0.002856,
0.471979,7848.985352,48859.335938,-0.002856,
0.471979,7848.985352,48859.335938,-0.002856,
0.471979,7848.985352,48859.335938,-0.002856,
0.471979,7848.985352,48859.335938,-0.002856,
0.471979,7848.985352,48859.335938,-0.002856,
0.471979,7848.985352,48859.335938,-0.002856,
0.471979,7848.985352,48859.335938,-0.002856,
0.471979,7848.985352,48859.335938,-0.002856,
0.471979,7848.985352,48859.335938,-0.002856,
0.471979,7848.985352,48859.335938,-0.002856,
0.471979,7848.985352,48859.335938,-0.002856,
0.471979,7848.985352,48859.335938,-0.002856,
0.471979,7848.985352,48859.335938,-0.002856,
0.471979,7848.985352,48859.335938,-0.002856,
0.833310,-2933.984863,59622.382813,-0.002061,
0.833310,-2933.984863,59622.382813,-0.002061,
0.833310,-2933.984863,59622.382813,-0.002061,
0.833310,-2933.984863,59622.382813,-0.002061,
0.833310,-2933.984863,59622.382813,-0.002061,
0.833310,-2933.984863,59622.382813,-0.002061,
0.833310,-2933.984863,59622.382813,-0.002061,
0.833310,-2933.984863,59622.382813,-0.002061,
0.833310,-2933.984863,59622.382813,-0.002061,
0.833310,-2933.984863,59622.382813,-0.002061,
0.833310,-2933.984863,59622.382813,-0.002061,
0.833310,-2933.984863,59622.382813,-0.002061,
0.833310,-2933.984863,59622.382813,-0.002061,
0.833310,-2933.984863,59622.382813,-0.002061,
0.833310,-2933.984863,59622.382813,-0.002061,
0.833310,-2933.984863,59622.382813,-0.002061,
0.833310,-2933.984863,59622.382813,-0.002061,
0.833310,-2933.984863,59622.382813,-0.002061,
0.833310,-2933.984863,59622.382813,-0.002061,
0.833310,-2933.984863,59622.382813,-0.002061,
0.833310,-2933.984863,59622.382813,-0.002061,
0.833310,-2933.984863,59622.382813,-0.002061,
0.833310,-2933.984863,59622.382813,-0.002061,
0.833310,-2933.984863,59622.382813,-0.002061,
0.833310,-2933.984863,59622.382813,-0.002061,
0.833310,-2933.984863,59622.382813,-0.002061,
0.833310,-2933.984863,59622.382813,-0.002061,
0.833310,-2933.984863,59622.382813,-0.002061,
0.833310,-2933.984863,59622.382813,-0.002061,
0.833310,-2933.984863,59622.382813,-0.002061,
0.833310,-2933.984863,59622.382813,-0.002061,
0.833310,-2933.984863,59622.382813,-0.002061,
0.833310,-2933.984863,59622.382813,-0.002061,
0.833310,-2933.984863,59622.382813,-0.002061,
0.833310,-2933.984863,59622.382813,-0.002061,
0.833310,-2933.984863,59622.382813,-0.002061,
0.833310,-2933.984863,59622.382813,-0.002061,
0.833310,-2933.984863,59622.382813,-0.002061,
0.833310,-2933.984863,59622.382813,-0.002061,
0.833310,-2933.984863,59622.382813,-0.002061,
0.833310,-2933.984863,59622.382813,-0.002061,
0.833310,-2933.984863,59622.382813,-0.002061,
0.833310,-2933.984863,59622.382813,-0.002061,
0.833310,-2933.984863,59622.382813,-0.002061,
0.833310,-2933.984863,59622.382813,-0.002061,
0.833310,-2933.984863,59622.382813,-0.002061,
0.833310,-2933.984863,59622.382813,-0.002061,
0.833310,-2933.984863,59622.382813,-0.002061,
0.833310,-2933.984863,59622.382813,-0.002061,
0.833310,-2933.984863,59622.382813,-0.002061,
0.833310,-2933.984863,59622.382813,-0.002061,
0.833310,-2933.984863,59622.382813,-0.002061,
0.833310,-2933.984863,59622.382813,-0.002061,
0.833310,-2933.984863,59622.382813,-0.002061,
0.833310,-2933.984863,59622.382813,-0.002061,
0.833310,-2933.984863,59622.382813,-0.002061,
0.833310,-2933.984863,59622.382813,-0.002061,
0.833310,-2933.984863,59622.382813,-0.002061,
0.833310,-2933.984863,59622.382813,-0.002061,
0.833310,-2933.984863,59622.382813,-0.002061,
0.833310,-2933.984863,59622.382813,-0.002061,
0.833310,-2933.984863,59622.382813,-0.002061,
0.833310,-2933.984863,59622.382813,-0.002061,
0.833310,-2933.984863,59622.382813,-0.002061,
0.833310,-2933.984863,59622.382813,-0.002061,
0.833310,-2933.984863,59622.382813,-0.002061,
0.833310,-2933.984863,59622.382813,-0.002061,
0.833310,-2933.984863,59622.382813,-0.002061,
0.833310,-2933.984863,59622.382813,-0.002061,
0.833310,-2933.984863,59622.382813,-0.002061,
0.833310,-2933.984863,59622.382813,-0.002061,
0.833310,-2933.984863,59622.382813,-0.002061,
0.833310,-2933.984863,59622.382813,-0.002061,
0.833310,-2933.984863,59622.382813,-0.002061,
0.833310,-2933.984863,59622.382813,-0.002061,
0.833310,-2933.984863,59622.382813,-0.002061,
0.833310,-2933.984863,59622.382813,-0.002061,
0.833310,-2933.984863,59622.382813,-0.002061,
0.833310,-2933.984863,59622.382813,-0.002061,
0.833310,-2933.984863,59622.382813,-0.002061,
0.833310,-2933.984863,59622.382813,-0.002061,
0.833310,-2933.984863,59622.382813,-0.002061,
0.833310,-2933.984863,59622.382813,-0.002061,
0.833310,-2933.984863,59622.382813,-0.002061,
0.833310,-2933.984863,59622.382813,-0.002061,
0.833310,-2933.984863,59622.382813,-0.002061,
0.833310,-2933.984863,59622.382813,-0.002061,
0.833310,-2933.984863,59622.382813,-0.002061,
0.833310,-2933.984863,59622.382813,-0.002061,
0.833310,-2933.984863,59622.382813,-0.002061,
0.833310,-2933.984863,59622.382813,-0.002061,
0.833310,-2933.984863,59622.382813,-0.002061,
0.833310,-2933.984863,59622.382813,-0.002061,
0.833310,-2933.984863,59622.382813,-0.002061,
0.833310,-2933.984863,59622.382813,-0.002061,
0.833310,-2933.984863,59622.382813,-0.002061,
0.833310,-2933.984863,59622.382813,-0.002061,
0.833310,-2933.984863,59622.382813,-0.002061,
0.833310,-2933.984863,59622.382813,-0.002061,
0.833310,-2933.984863,59622.382813,-0.002061,
0.833310,-2933.984863,59622.382813,-0.002061,
0.833310,-2933.984863,59622.382813,-0.002061,
0.833310,-2933.984863,59622.382813,-0.002061,
0.833310,-2933.984863,59622.382813,-0.002061,
0.833310,-2933.984863,59622.382813,-0.002061,
0.833310,-2933.984863,59622.382813,-0.002061,
0.833310,-2933.984863,59622.382813,-0.002061,
0.833310,-2933.984863,59622.382813,-0.002061,
0.833310,-2933.984863,59622.382813,-0.002061,
0.833310,-2933.984863,59622.382813,-0.002061,
0.833310,-2933.984863,59622.382813,-0.002061,
0.833310,-2933.984863,59622.382813,-0.002061,
0.833310,-2933.984863,59622.382813,-0.002061,
0.833310,-2933.984863,59622.382813,-0.002061,
0.833310,-2933.984863,59622.382813,-0.002061,
0.833310,-2933.984863,59622.382813,-0.002061,
0.833310,-2933.984863,59622.382813,-0.002061,
0.833310,-2933.984863,59622.382813,-0.002061,
0.833310,-2933.984863,59622.382813,-0.002061,
0.833310,-2933.984863,59622.382813,-0.002061,
0.833310,-2933.984863,59622.382813,-0.002061,
0.833310,-2933.984863,59622.382813,-0.002061,
0.833310,-2933.984863,59622.382813,-0.002061,
0.833310,-2933.984863,59622.382813,-0.002061,
0.833310,-2933.984863,59622.382813,-0.002061,
0.833310,-2933.984863,59622.382813,-0.002061,
0.833310,-2933.984863,59622.382813,-0.002061,
0.833310,-2933.984863,59622.382813,-0.002061,
0.833310,-2933.984863,59622.382813,-0.002061,
0.833310,-2933.984863,59622.382813,-0.002061,
0.833310,-2933.984863,59622.382813,-0.002061,
0.833310,-2933.984863,59622.382813,-0.002061,
0.833310,-2933.984863,59622.382813,-0.002061,
0.833310,-2933.984863,59622.382813,-0.002061,
0.833310,-2933.984863,59622.382813,-0.002061,
0.833310,-2933.984863,59622.382813,-0.002061,
0.833310,-2933.984863,59622.382813,-0.002061,
0.833310,-2933.984863,59622.382813,-0.002061,
0.833310,-2933.984863,59622.382813,-0.002061,
0.833310,-2933.984863,59622.382813,-0.002061,
0.833310,-2933.984863,59622.382813,-0.002061,
0.833310,-2933.984863,59622.382813,-0.002061,
0.833310,-2933.984863,59622.382813,-0.002061,
0.833310,-2933.984863,59622.382813,-0.002061,
0.833310,-2933.984863,59622.382813,-0.002061,
0.833310,-2933.984863,59622.382813,-0.002061,
0.833310,-2933.984863,59622.382813,-0.002061,
0.833310,-2933.984863,59622.382813,-0.002061,
0.833310,-2933.984863,59622.382813,-0.002061,
0.833310,-2933.984863,59622.382813,-0.002061,
0.833310,-2933.984863,59622.382813,-0.002061,
0.960138,10487.984375,36765.945313,-0.000938,
0.960138,10487.984375,36765.945313,-0.000938,
0.960138,10487.984375,36765.945313,-0.000938,
0.960138,10487.984375,36765.945313,-0.000938,
0.960138,10487.984375,36765.945313,-0.000938,
0.960138,10487.984375,36765.945313,-0.000938,
0.960138,10487.984375,36765.945313,-0.000938,
0.952911,10487.984375,36765.945313,-0.003821,
0.952911,10487.984375,36765.945313,-0.003821,
0.952911,10487.984375,36765.945313,-0.003821,
0.952911,10487.984375,36765.945313,-0.003821,
0.952911,10487.984375,36765.945313,-0.003821,
0.952911,10487.984375,36765.945313,-0.003821,
0.952911,10487.984375,36765.945313,-0.003821,
0.952911,10487.984375,36765.945313,-0.003821,
0.952911,10487.984375,36765.945313,-0.003821,
0.952911,10487.984375,36765.945313,-0.003821,
0.952911,10487.984375,36765.945313,-0.003821,
0.952911,10487.984375,36765.945313,-0.003821,
0.952911,10487.984375,36765.945313,-0.003821,
0.952911,10487.984375,36765.945313,-0.003821,
0.952911,10487.984375,36765.945313,-0.003821,
0.960682,13039.984375,-110053.585938,-0.001449,
0.960682,13039.984375,-110053.585938,-0.001449,
0.960682,13039.984375,-110053.585938,-0.001449,
0.960682,13039.984375,-110053.585938,-0.001449,
0.960682,13039.984375,-110053.585938,-0.001449,
0.960682,13039.984375,-110053.585938,-0.001449,
0.960682,13039.984375,-110053.585938,-0.001449,
0.960682,13039.984375,-110053.585938,-0.001449,
0.960682,13039.984375,-110053.585938,-0.001449,
0.960682,13039.984375,-110053.585938,-0.001449,
0.960682,13039.984375,-110053.585938,-0.001449,
0.960682,13039.984375,-110053.585938,-0.001449,
0.960682,13039.984375,-110053.585938,-0.001449,
-0.959509,11233.015625,7775.707031,-0.004795,
-0.959509,11233.015625,7775.707031,-0.004795,
-0.959509,11233.015625,7775.707031,-0.004795,
-0.959509,11233.015625,7775.707031,-0.004795,
-0.959509,11233.015625,7775.707031,-0.004795,
-0.959509,11233.015625,7775.707031,-0.004795,
-0.959509,11233.015625,7775.707031,-0.004795,
-0.959509,11233.015625,7775.707031,-0.004795,
-0.959509,11233.015625,7775.707031,-0.004795,
-0.959509,11233.015625,7775.707031,-0.004795,
-0.959509,11233.015625,7775.707031,-0.004795,
0.952911,10487.984375,37764.652344,-0.001190,
0.952911,10487.984375,37764.652344,-0.001190,
0.952911,10487.984375,37764.652344,-0.001190,
0.952911,10487.984375,37764.652344,-0.001190,
0.952911,10487.984375,37764.652344,-0.001190,
0.952911,10487.984375,37764.652344,-0.001190,
0.952911,10487.984375,37764.652344,-0.001190,
0.952911,10487.984375,37764.652344,-0.001190,
0.952911,10487.984375,37764.652344,-0.001190,
0.952911,10487.984375,37764.652344,-0.001190,
0.952911,10487.984375,37764.652344,-0.001190,
0.952911,10487.984375,37764.652344,-0.001190,
0.952911,10487.984375,37764.652344,-0.001190,
0.952911,10487.984375,37764.652344,-0.001190,
0.952911,10487.984375,37764.652344,-0.001190,
0.952911,10487.984375,37764.652344,-0.001190,
0.952911,10487.984375,37764.652344,-0.001190,
0.952911,10487.984375,37764.652344,-0.001190,
0.952911,10487.984375,37764.652344,-0.001190,
0.952911,10487.984375,37764.652344,-0.001190,
0.952911,10487.984375,37764.652344,-0.001190,
0.952911,10487.984375,37764.652344,-0.001190,
0.952911,10487.984375,37764.652344,-0.001190,
0.952911,10487.984375,37764.652344,-0.001190,
0.952911,10487.984375,37764.652344,-0.001190,
0.952911,10487.984375,37764.652344,-0.001190,
0.952911,10487.984375,37764.652344,-0.001190,
0.952911,10487.984375,37764.652344,-0.001190,
0.952911,10487.984375,37764.652344,-0.001190,
0.952911,10487.984375,37764.652344,-0.001190,
0.952911,10487.984375,37764.652344,-0.001190,
0.952911,10487.984375,37764.652344,-0.001190,
0.952911,10487.984375,37764.652344,-0.001190,
0.952911,10487.984375,37764.652344,-0.001190,
0.952911,10487.984375,37764.652344,-0.001190,
0.952911,10487.984375,37764.652344,-0.001190,
0.952911,10487.984375,37764.652344,-0.001190,
0.952911,10487.984375,37764.652344,-0.001190,
0.952911,10487.984375,37764.652344,-0.001190,
0.952911,10487.984375,37764.652344,-0.001190,
0.952911,10487.984375,37764.652344,-0.001190,
0.952911,10487.984375,37764.652344,-0.001190,
0.952911,10487.984375,37764.652344,-0.001190,
0.952911,10487.984375,37764.652344,-0.001190,
0.952911,10487.984375,37764.652344,-0.001190,
0.952911,10487.984375,37764.652344,-0.001190,
0.952911,10487.984375,37764.652344,-0.001190,
0.952911,10487.984375,37764.652344,-0.001190,
0.952911,10487.984375,37764.652344,-0.001190,
0.952911,10487.984375,37764.652344,-0.001190,
0.952911,10487.984375,37764.652344,-0.001190,
0.952911,10487.984375,37764.652344,-0.001190,
0.952911,10487.984375,37764.652344,-0.001190,
0.952911,10487.984375,37764.652344,-0.001190,
0.952911,10487.984375,37764.652344,-0.001190,
0.952911,10487.984375,37764.652344,-0.001190,
0.952911,10487.984375,37764.652344,-0.001190,
0.952911,10487.984375,37764.652344,-0.001190,
0.952911,10487.984375,37764.652344,-0.001190,
0.952911,10487.984375,37764.652344,-0.001190,
0.952911,10487.984375,37764.652344,-0.001190,
0.952911,10487.984375,37764.652344,-0.001190,
0.952911,10487.984375,37764.652344,-0.001190,
0.952911,10487.984375,37764.652344,-0.001190,
0.952911,10487.984375,37764.652344,-0.001190,
0.952911,10487.984375,37764.652344,-0.001190,
0.952911,10487.984375,37764.652344,-0.001190,
0.952911,10487.984375,37764.652344,-0.001190,
0.952911,10487.984375,37764.652344,-0.001190,
0.952911,10487.984375,37764.652344,-0.001190,
0.952911,10487.984375,37764.652344,-0.001190,
0.952911,10487.984375,37764.652344,-0.001190,
0.952911,10487.984375,37764.652344,-0.001190,
0.952911,10487.984375,37764.652344,-0.001190,
0.952911,10487.984375,37764.652344,-0.001190,
0.952911,10487.984375,37764.652344,-0.001190,
0.952911,10487.984375,37764.652344,-0.001190,
0.952911,10487.984375,37764.652344,-0.001190,
0.952911,10487.984375,37764.652344,-0.001190,
0.952911,10487.984375,37764.652344,-0.001190,
0.952911,10487.984375,37764.652344,-0.001190,
0.952911,10487.984375,37764.652344,-0.001190,
0.952911,10487.984375,37764.652344,-0.001190,
0.952911,10487.984375,37764.652344,-0.001190,
0.952911,10487.984375,37764.652344,-0.001190,
0.952911,10487.984375,37764.652344,-0.001190,
0.952911,10487.984375,37764.652344,-0.001190,
0.952911,10487.984375,37764.652344,-0.001190,
0.952911,10487.984375,37764.652344,-0.001190,
0.952911,10487.984375,37764.652344,-0.001190,
0.952911,10487.984375,37764.652344,-0.001190,
0.952911,10487.984375,37764.652344,-0.001190,
0.952911,10487.984375,37764.652344,-0.001190,
0.952911,10487.984375,37764.652344,-0.001190,
0.952911,10487.984375,37764.652344,-0.001190,
0.952911,10487.984375,37764.652344,-0.001190,
0.952911,10487.984375,37764.652344,-0.001190,
0.952911,10487.984375,37764.652344,-0.001190,
0.952911,10487.984375,37764.652344,-0.001190,
0.952911,10487.984375,37764.652344,-0.001190,
0.952911,10487.984375,37764.652344,-0.001190,
0.952911,10487.984375,37764.652344,-0.001190,
0.952911,10487.984375,37764.652344,-0.001190,
0.952911,10487.984375,37764.652344,-0.001190,
0.952911,10487.984375,37764.652344,-0.001190,
0.952911,10487.984375,37764.652344,-0.001190,
0.952911,10487.984375,37764.652344,-0.001190,
0.952911,10487.984375,37764.652344,-0.001190,
0.952911,10487.984375,37764.652344,-0.001190,
0.952911,10487.984375,37764.652344,-0.001190,
0.952911,10487.984375,37764.652344,-0.001190,
0.952911,10487.984375,37764.652344,-0.001190,
0.952911,10487.984375,37764.652344,-0.001190,
0.952911,10487.984375,37764.652344,-0.001190,
0.952911,10487.984375,37764.652344,-0.001190,
0.952911,10487.984375,37764.652344,-0.001190,
0.952911,10487.984375,37764.652344,-0.001190,
0.952911,10487.984375,37764.652344,-0.001190,
0.952911,10487.984375,37764.652344,-0.001190,
0.952911,10487.984375,37764.652344,-0.001190,
0.952911,10487.984375,37764.652344,-0.001190,
0.952911,10487.984375,37764.652344,-0.001190,
0.952911,10487.984375,37764.652344,-0.001190,
0.952911,10487.984375,37764.652344,-0.001190,
0.952911,10487.984375,37764.652344,-0.001190,
0.952911,10487.984375,37764.652344,-0.001190,
0.952911,10487.984375,37764.652344,-0.001190,
0.952911,10487.984375,37764.652344,-0.001190,
0.952911,10487.984375,37764.652344,-0.001190,
0.952911,10487.984375,37764.652344,-0.001190,
0.952911,10487.984375,37764.652344,-0.001190,
0.952911,10487.984375,37764.652344,-0.001190,
0.952911,10487.984375,37764.652344,-0.001190,
0.952911,10487.984375,37764.652344,-0.001190,
0.952911,10487.984375,37764.652344,-0.001190,
0.952911,10487.984375,37764.652344,-0.001190,
0.952911,10487.984375,37764.652344,-0.001190,
0.952911,10487.984375,37764.652344,-0.001190,
0.952911,10487.984375,37764.652344,-0.001190,
0.952911,10487.984375,37764.652344,-0.001190,
0.952911,10487.984375,37764.652344,-0.001190,
0.952911,10487.984375,37764.652344,-0.001190,
0.952911,10487.984375,37764.652344,-0.001190,
0.952911,10487.984375,37764.652344,-0.001190,
0.952911,10487.984375,37764.652344,-0.001190,
0.952911,10487.984375,37764.652344,-0.001190,
0.952911,10487.984375,37764.652344,-0.001190,
0.952911,10487.984375,37764.652344,-0.001190,
0.952911,10487.984375,37764.652344,-0.001190,
0.952911,10487.984375,37764.652344,-0.001190,
0.952911,10487.984375,37764.652344,-0.001190,
0.952911,10487.984375,37764.652344,-0.001190,
0.952911,10487.984375,37764.652344,-0.001190,
0.952911,10487.984375,37764.652344,-0.001190,
0.952911,10487.984375,37764.652344,-0.001190,
0.952911,10487.984375,37764.652344,-0.001190,
0.952911,10487.984375,37764.652344,-0.001190,
0.952911,10487.984375,37764.652344,-0.001190,
0.952911,10487.984375,37764.652344,-0.001190,
0.952911,10487.984375,37764.652344,-0.001190,
0.952911,10487.984375,37764.652344,-0.001190,
0.952911,10487.984375,37764.652344,-0.001190,
0.952911,10487.984375,37764.652344,-0.001190,
-0.953743,5668.984375,10844.345703,-0.001917,
-0.953743,5668.984375,10844.345703,-0.001917,
-0.953743,5668.984375,10844.345703,-0.001917,
-0.953743,5668.984375,10844.345703,-0.001917,
-0.953743,5668.984375,10844.345703,-0.001917,
-0.953743,5668.984375,10844.345703,-0.001917,
-0.953743,5668.984375,10844.345703,-0.001917,
-0.953743,5668.984375,10844.345703,-0.001917,
-0.953743,5668.984375,10844.345703,-0.001917,
-0.953743,5668.984375,10844.345703,-0.001917,
-0.953743,5668.984375,10844.345703,-0.001917,
-0.953743,5668.984375,10844.345703,-0.001917,
-0.953743,5668.984375,10844.345703,-0.001917,
-0.953743,5668.984375,10844.345703,-0.001917,
-0.953743,5668.984375,10844.345703,-0.001917,
-0.953743,5668.984375,10844.345703,-0.001917,
-0.953743,5668.984375,10844.345703,-0.001917,
-0.953743,5668.984375,10844.345703,-0.001917,
-0.953743,5668.984375,10844.345703,-0.001917,
-0.953743,5668.984375,10844.345703,-0.001917,
0.994677,5668.984375,171144.250000,-0.001917,
0.994677,5668.984375,171144.250000,-0.001917,
0.994677,5668.984375,171144.250000,-0.001917,
0.994677,5668.984375,171144.250000,-0.001917,
0.994677,5668.984375,171144.250000,-0.001917,
0.994677,5668.984375,171144.250000,-0.001917,
0.994677,5668.984375,171144.250000,-0.001917,
0.994677,5668.984375,171144.250000,-0.001917,
0.994677,5668.984375,171144.250000,-0.001917,
0.994677,5668.984375,171144.250000,-0.001917,
0.994677,5668.984375,171144.250000,-0.001917,
0.994677,5668.984375,171144.250000,-0.001917,
0.994677,5668.984375,171144.250000,-0.001917,
0.994677,5668.984375,171144.250000,-0.001917,
0.994677,5668.984375,171144.250000,-0.001917,
0.994677,5668.984375,171144.250000,-0.001917,
0.994677,5668.984375,171144.250000,-0.001917,
0.994677,5668.984375,171144.250000,-0.001917,
0.994677,5668.984375,171144.250000,-0.001917,
0.994677,5668.984375,171144.250000,-0.001917,
0.994677,5668.984375,171144.250000,-0.001917,
0.994677,5668.984375,171144.250000,-0.001917,
0.994677,5668.984375,171144.250000,-0.001917,
0.994677,5668.984375,171144.250000,-0.001917,
0.994677,5668.984375,171144.250000,-0.001917,
0.994677,5668.984375,171144.250000,-0.001917,
0.994677,5668.984375,171144.250000,-0.001917,
0.994677,5668.984375,171144.250000,-0.001917,
0.994677,5668.984375,171144.250000,-0.001917,
0.994677,5668.984375,171144.250000,-0.001917,
0.994677,5668.984375,171144.250000,-0.001917,
0.994677,5668.984375,171144.250000,-0.001917,
0.994677,5668.984375,171144.250000,-0.001917,
0.994677,5668.984375,171144.250000,-0.001917,
0.994677,5668.984375,171144.250000,-0.001917,
0.994677,5668.984375,171144.250000,-0.001917,
0.994677,5668.984375,171144.250000,-0.001917,
0.994677,5668.984375,171144.250000,-0.001917,
0.994677,5668.984375,171144.250000,-0.001917,
0.994677,5668.984375,171144.250000,-0.001917,
0.994677,5668.984375,171144.250000,-0.001917,
0.994677,5668.984375,171144.250000,-0.001917,
0.994677,5668.984375,171144.250000,-0.001917,
0.994677,5668.984375,171144.250000,-0.001917,
0.994677,5668.984375,171144.250000,-0.001917,
0.994677,5668.984375,171144.250000,-0.001917,
0.994677,5668.984375,171144.250000,-0.001917,
0.994677,-9739.015625,171144.250000,-0.002767,
-0.973400,-9739.015625,-30674.882813,-0.002865,
-0.973400,-9739.015625,-30674.882813,-0.002865,
-0.973400,-9739.015625,-30674.882813,-0.002865,
-0.973400,-9739.015625,-30674.882813,-0.002865,
-0.973400,-9739.015625,-30674.882813,-0.002865,
-0.973400,-9739.015625,-30674.882813,-0.002865,
-0.973400,-9739.015625,-30674.882813,-0.002865,
-0.973400,-9739.015625,-30674.882813,-0.002865,
-0.973400,-9739.015625,-30674.882813,-0.002865,
-0.973400,-9739.015625,-30674.882813,-0.002865,
-0.973400,-9739.015625,-30674.882813,-0.002865,
-0.973400,-9739.015625,-30674.882813,-0.002865,
-0.973400,-9739.015625,-30674.882813,-0.002865,
-0.973400,-9739.015625,-30674.882813,-0.002865,
-0.973400,-9739.015625,-30674.882813,-0.002865,
-0.973400,-9739.015625,-30674.882813,-0.002865,
-0.973400,-9739.015625,-30674.882813,-0.002865,
-0.973400,-9739.015625,-30674.882813,-0.002865,
-0.973400,-9739.015625,-30674.882813,-0.002865,
-0.973400,-9739.015625,-30674.882813,-0.002865,
-0.973400,-9739.015625,-30674.882813,-0.002865,
-0.973400,-9739.015625,-30674.882813,-0.002865,
-0.973400,-9739.015625,-30674.882813,-0.002865,
-0.973400,-9739.015625,-30674.882813,-0.002865,
-0.973400,-9739.015625,-30674.882813,-0.002865,
-0.973400,-9739.015625,-30674.882813,-0.002865,
-0.973400,-9739.015625,-30674.882813,-0.002865,
-0.973400,-9739.015625,-30674.882813,-0.002865,
-0.973400,-9739.015625,-30674.882813,-0.002865,
-0.973400,-9739.015625,-30674.882813,-0.002865,
-0.973400,-9739.015625,-30674.882813,-0.002865,
-0.973400,-9739.015625,-30674.882813,-0.002865,
-0.973400,-9739.015625,-30674.882813,-0.002865,
-0.973400,-9739.015625,-30674.882813,-0.002865,
-0.973400,-9739.015625,-30674.882813,-0.002865,
-0.973400,-9739.015625,-30674.882813,-0.002865,
-0.973400,-9739.015625,-30674.882813,-0.002865,
-0.973400,-9739.015625,-30674.882813,-0.002865,
-0.973400,-9739.015625,-30674.882813,-0.002865,
-0.973400,-9739.015625,-30674.882813,-0.002865,
-0.973400,-9739.015625,-30674.882813,-0.002865,
-0.973400,-9739.015625,-30674.882813,-0.002865,
-0.973400,-9739.015625,-30674.882813,-0.002865,
-0.973400,-9739.015625,-30674.882813,-0.002865,
0.982755,-746.984253,97370.726563,-0.001578,
0.982755,-746.984253,97370.726563,-0.001578,
0.982755,-746.984253,97370.726563,-0.001578,
0.982755,-746.984253,97370.726563,-0.001578,
0.982755,-746.984253,97370.726563,-0.001578,
0.982755,-746.984253,97370.726563,-0.001578,
0.982755,-746.984253,97370.726563,-0.001578,
0.982755,-746.984253,97370.726563,-0.001578,
0.982755,-746.984253,97370.726563,-0.001578,
0.982755,-746.984253,97370.726563,-0.001578,
0.982755,-746.984253,97370.726563,-0.001578,
0.982755,-746.984253,97370.726563,-0.001578,
0.982755,-746.984253,97370.726563,-0.001578,
1.005777,-746.984253,-148848.531250,-0.001578,
1.005777,-746.984253,-148848.531250,-0.001578,
1.005777,-746.984253,-148848.531250,-0.001578,
1.005777,-746.984253,-148848.531250,-0.001578,
1.005777,-746.984253,-148848.531250,-0.001578,
1.005777,-746.984253,-148848.531250,-0.001578,
1.005777,-746.984253,-148848.531250,-0.001578,
1.005777,-746.984253,-148848.531250,-0.001578,
1.005777,-746.984253,-148848.531250,-0.001578,
1.005777,-746.984253,-148848.531250,-0.001578,
0.984336,-746.984253,182181.140625,-0.001881,
0.984336,-746.984253,182181.140625,-0.001881,
0.984336,-746.984253,182181.140625,-0.001881,
0.984336,-746.984253,182181.140625,-0.001881,
0.984336,-746.984253,182181.140625,-0.001881,
0.984336,-746.984253,182181.140625,-0.001881,
0.984336,-746.984253,182181.140625,-0.001881,
0.985536,-746.984253,-65671.679688,-0.002123,
0.985536,-746.984253,-65671.679688,-0.002123,
0.985536,-746.984253,-65671.679688,-0.002123,
0.985536,-746.984253,-65671.679688,-0.002123,
0.985536,-746.984253,-65671.679688,-0.002123,
0.985536,-746.984253,-65671.679688,-0.002123,
-0.996662,2272.984131,22927.457031,-0.001848,
-0.996662,2272.984131,22927.457031,-0.001848,
-0.996662,2272.984131,22927.457031,-0.001848,
-0.996662,2272.984131,22927.457031,-0.001848,
-0.996662,2272.984131,22927.457031,-0.001848,
-0.996662,2272.984131,22927.457031,-0.001848,
-0.996662,2272.984131,22927.457031,-0.001848,
-0.996662,2272.984131,22927.457031,-0.001848,
-0.996662,2272.984131,22927.457031,-0.001848,
-0.996662,2272.984131,22927.457031,-0.001848,
-0.996662,2272.984131,22927.457031,-0.001848,
-0.996662,2272.984131,22927.457031,-0.001848,
-0.996662,2272.984131,22927.457031,-0.001848,
-0.996662,2272.984131,22927.457031,-0.001848,
-0.996662,2272.984131,22927.457031,-0.001848,
-0.996662,2272.984131,22927.457031,-0.001848,
0.999497,-411.984100,-26389.453125,-0.001848,