-870.246887,-880.359619,352.427246,-980.777039,
-637.639038,-966.555969,-610.717407,-953.089844,
54.671997,-206.479431,796.000244,989.116699,
-870.246887,343.546509,-6.742120,-747.154907,
-268.825073,278.503540,393.965942,881.933838,
236.384735,-678.637817,393.965942,881.933838,
-937.244324,-263.606415,748.441040,71.009766,
166.143372,-1190.523804,145.635437,-599.208740,
625.553467,567.874023,-1105.154419,-89.880035,
38.716347,547.432678,-560.449890,-360.850037,
38.716347,547.432678,-560.449890,-360.850037,
171.167999,1871.537720,387.746155,207.066040,
-48.490982,978.368774,550.426270,180.824707,
-48.490982,978.368774,-1288.336182,180.824707,
33.264240,978.368774,-1751.518188,180.824707,
86.844299,-2474.892090,-778.836426,-68.745697,
-127.087440,-505.515198,-995.712952,22.587460,
4.322583,2572.919434,277.996063,-61.807194,
60.266418,469.916718,2170.783447,-20.293783,
60.266418,469.916718,991.556580,25.566303,
62.804863,-374.631348,-1516.966797,14.904778,
62.804863,-374.631348,-1516.966797,14.904778,
60.266418,4538.126953,-4135.180664,16.548126,
-2.216413,-2399.970215,565.846680,49.591331,
-2.216413,-2399.970215,565.846680,49.591331,
-8.192660,2902.005859,-343.553955,-3.999303,
-2.206637,-183.075745,-343.553955,-3.999303,
10.779543,-3469.802734,-885.880737,12.136745,
9.908455,-478.732666,3634.619141,8.326214,
0.097438,1909.550781,-2544.501221,4.869198,
-0.979649,-210.942017,-1296.641113,12.796346,
-0.979649,-210.942017,-1296.641113,12.796346,
-0.462622,2905.768066,-357.084961,11.770170,
0.176201,-1877.820190,-7595.970215,11.549056,
0.176201,-1877.820190,-7595.970215,11.549056,
0.176201,-1877.820190,-7595.970215,11.549056,
0.176201,-1877.820190,-7595.970215,11.549056,
-0.066624,-3179.260742,-2957.391602,10.692086,
0.440951,-1415.482056,2227.459717,9.307051,
-0.798479,4914.699219,2894.705811,9.797318,
-0.663638,2159.886475,4985.470215,9.721389,
-0.128182,-6739.195801,-493.255005,10.214998,
-0.413383,3318.609131,2176.227051,9.990300,
0.007915,5299.472168,-381.331787,10.123605,
0.285797,-270.890747,-1563.733154,9.720934,
-0.217736,2369.766357,316.696533,9.731532,
-2.167099,-4435.000000,-726.426331,11.095759,
-2.167099,-4435.000000,-726.426331,11.095759,
0.183775,-2080.996338,-3683.833252,9.837988,
0.254924,1803.016724,-1430.985718,10.029237,
-0.008902,-5958.030273,3290.506836,9.933683,
-0.115595,-9585.423828,3894.519531,9.822298,
-0.115595,6380.685547,-916.994019,9.822298,
0.042832,2820.500488,2174.541504,9.804822,
-0.065461,-10449.928711,-5579.373535,9.815285,
-0.065461,-10449.928711,-5579.373535,9.815285,
-0.065461,-10449.928711,-5579.373535,9.815285,
-0.065461,-10449.928711,-5579.373535,9.815285,
0.010954,-1335.314941,-4721.946777,9.817693,
0.049184,-1175.823242,-1345.165771,9.822815,
0.049184,-1175.823242,-1345.165771,9.822815,
0.049184,-1175.823242,-1345.165771,9.822815,
0.049184,-1175.823242,-1345.165771,9.822815,
-0.036733,-26395.357422,4239.889648,9.833623,
-0.036733,-26395.357422,4239.889648,9.833623,
-0.036733,-26395.357422,4239.889648,9.833623,
-0.036733,-26395.357422,4239.889648,9.833623,
0.003064,-26395.357422,4239.889648,9.852974,
0.003064,-26395.357422,4239.889648,9.852974,
0.003064,-26395.357422,4239.889648,9.852974,
0.003064,-26395.357422,4239.889648,9.852974,
-0.011071,-26395.357422,5330.757324,9.832491,
-0.000525,7323.803711,9650.724609,9.849700,
-0.000525,7323.803711,9650.724609,9.849700,
-0.018255,20185.646484,-7922.720215,9.844476,
-0.018255,20185.646484,-7922.720215,9.844476,
-0.018255,20185.646484,-7922.720215,9.844476,
-0.018255,20185.646484,-7922.720215,9.844476,
-0.018255,20185.646484,-7922.720215,9.838124,
-0.018255,20185.646484,-7922.720215,9.838124,
-0.018255,20185.646484,-7922.720215,9.838124,
0.003334,15504.403320,-3777.803711,9.839698,
0.003334,15504.403320,-3777.803711,9.839698,
0.003334,15504.403320,-3777.803711,9.839698,
0.003334,15504.403320,-3777.803711,9.839698,
0.003334,15504.403320,-3777.803711,9.839698,
0.003334,15504.403320,-3777.803711,9.839698,
0.003334,-411.846191,339.448486,9.839698,
0.003334,-411.846191,339.448486,9.839698,
0.003334,-411.846191,339.448486,9.839698,
0.003334,-411.846191,339.448486,9.839698,
0.003334,-411.846191,339.448486,9.839698,
0.003334,-411.846191,339.448486,9.839698,
0.003334,-411.846191,339.448486,9.839698,
0.003334,-411.846191,339.448486,9.839698,
-0.007884,15896.809570,5859.152832,9.843833,
-0.007884,15896.809570,5859.152832,9.843833,
-0.007884,15896.809570,5859.152832,9.843833,
-0.007884,15896.809570,5859.152832,9.843833,
-0.007884,15896.809570,5859.152832,9.843833,
-0.007884,15896.809570,5859.152832,9.843833,
-0.007884,15896.809570,5859.152832,9.843833,
-0.007884,15896.809570,5859.152832,9.843833,
-0.007884,15896.809570,5859.152832,9.843833,
-0.007884,15896.809570,5859.152832,9.843833,
-0.007884,15896.809570,5859.152832,9.843833,
-0.007884,15896.809570,5859.152832,9.843833,
-0.007884,15896.809570,5859.152832,9.843833,
-0.007884,15896.809570,5859.152832,9.843833,
-0.007884,15896.809570,5859.152832,9.843833,
-0.007884,15896.809570,5859.152832,9.843833,
-0.007884,15896.809570,5859.152832,9.843833,
-0.007884,15896.809570,5859.152832,9.843833,
-0.007884,15896.809570,5859.152832,9.843833,
-0.007884,15896.809570,5859.152832,9.843833,
-0.007884,15896.809570,5859.152832,9.843833,
-0.018044,15896.809570,5859.152832,9.843833,
-0.018044,15896.809570,5859.152832,9.843833,
-0.018044,15896.809570,5859.152832,9.843653,
-0.018044,15896.809570,5859.152832,9.843653,
-0.018044,15896.809570,5859.152832,9.843653,
-0.018044,15896.809570,5859.152832,9.843653,
-0.018044,15896.809570,5859.152832,9.843653,
-0.018044,15896.809570,5859.152832,9.843653,
-0.018044,15896.809570,5859.152832,9.843653,
-0.018044,15896.809570,5859.152832,9.843653,
-0.018044,15896.809570,5859.152832,9.843653,
-0.018044,15896.809570,5859.152832,9.843653,
-0.018044,15896.809570,5859.152832,9.843653,
-0.018044,15896.809570,5859.152832,9.843653,
-0.018044,15896.809570,5859.152832,9.843653,
-0.018044,15896.809570,5859.152832,9.843653,
-0.018044,15896.809570,5859.152832,9.843653,
-0.018044,15896.809570,5859.152832,9.843653,
-0.018044,15896.809570,5859.152832,9.843653,
-0.018044,15896.809570,5859.152832,9.843653,
-0.018044,15896.809570,5859.152832,9.838974,
-0.018044,15896.809570,5859.152832,9.838974,
-0.018044,15896.809570,5859.152832,9.838974,
-0.018044,15896.809570,5859.152832,9.838974,
-0.018044,15896.809570,5859.152832,9.838974,
-0.018044,15896.809570,5859.152832,9.838974,
-0.018044,15896.809570,5859.152832,9.838974,
-0.018044,15896.809570,5859.152832,9.838974,
-0.018044,15896.809570,5859.152832,9.838974,
-0.018044,15896.809570,5859.152832,9.838974,
-0.018044,15896.809570,5859.152832,9.838974,
-0.018044,15896.809570,5859.152832,9.838974,
-0.018044,15896.809570,5859.152832,9.838974,
-0.018044,15896.809570,5859.152832,9.838974,
-0.018044,15896.809570,5859.152832,9.838974,
-0.018044,15896.809570,5859.152832,9.838974,
-0.018044,15896.809570,5859.152832,9.838974,
-0.018044,15896.809570,5859.152832,9.838974,
-0.018044,15896.809570,5859.152832,9.838974,
-0.018044,40491.179688,5859.152832,9.840147,
-0.018044,40491.179688,5859.152832,9.840147,
-0.018044,40491.179688,5859.152832,9.840147,
-0.018044,40491.179688,5859.152832,9.840147,
-0.018044,40491.179688,5859.152832,9.840147,
-0.018044,40491.179688,5859.152832,9.840147,
-0.018044,40491.179688,5859.152832,9.840147,
-0.018044,40491.179688,5859.152832,9.840147,
-0.018044,40491.179688,5859.152832,9.840147,
-0.018044,40491.179688,5859.152832,9.840147,
-0.018044,40491.179688,5859.152832,9.840147,
-0.018044,40491.179688,5859.152832,9.840147,
-0.018044,40491.179688,5859.152832,9.840147,
-0.018044,40491.179688,5859.152832,9.840147,
-0.018044,40491.179688,5859.152832,9.840147,
-0.018044,40491.179688,5859.152832,9.840147,
-0.018044,40491.179688,5859.152832,9.840147,
-0.018044,40491.179688,5859.152832,9.840147,
-0.018044,40491.179688,5859.152832,9.840147,
-0.018044,40491.179688,5859.152832,9.840147,
-0.018044,40491.179688,5859.152832,9.840147,
-0.018044,40491.179688,5859.152832,9.840147,
-0.018044,40491.179688,5859.152832,9.840147,
-0.018044,40491.179688,5859.152832,9.840147,
-0.018044,40491.179688,5859.152832,9.840147,
-0.018044,40491.179688,5859.152832,9.840147,
-0.018044,40491.179688,5859.152832,9.840147,
-0.018044,40491.179688,5859.152832,9.840147,
-0.018044,40491.179688,-9006.428711,9.841801,
-0.018044,40491.179688,-9006.428711,9.841801,
-0.018044,40491.179688,-9006.428711,9.841801,
-0.018044,40491.179688,-9006.428711,9.841801,
-0.018044,40491.179688,-9006.428711,9.841801,
-0.018044,40491.179688,-9006.428711,9.841801,
-0.018044,40491.179688,-9006.428711,9.841801,
-0.018044,40491.179688,-9006.428711,9.841801,
-0.018044,40491.179688,-9006.428711,9.841801,
-0.018044,40491.179688,-9006.428711,9.841801,
-0.018044,40491.179688,-9006.428711,9.841801,
-0.018044,40491.179688,-9006.428711,9.841801,
-0.018044,40491.179688,-9006.428711,9.841801,
-0.018044,40491.179688,-9006.428711,9.841801,
-0.018044,40491.179688,-9006.428711,9.841801,
-0.018044,40491.179688,-9006.428711,9.841801,
-0.018044,40491.179688,-9006.428711,9.841801,
-0.018044,40491.179688,-9006.428711,9.841801,
-0.018044,40491.179688,-9006.428711,9.841801,
-0.018044,40491.179688,-9006.428711,9.841801,
-0.018044,40491.179688,-9006.428711,9.841801,
-0.018044,40491.179688,-9006.428711,9.841801,
-0.018044,40491.179688,-9006.428711,9.841801,
-0.018044,40491.179688,-9006.428711,9.841801,
-0.018044,40491.179688,-9006.428711,9.841801,
-0.018044,40491.179688,-9006.428711,9.841801,
-0.018044,40491.179688,-9006.428711,9.841801,
-0.018044,40491.179688,-9006.428711,9.841801,
-0.018044,40491.179688,-9006.428711,9.841801,
-0.018044,40491.179688,-9006.428711,9.841801,
-0.018044,40491.179688,-9006.428711,9.841801,
-0.018044,40491.179688,-9006.428711,9.841801,
-0.018044,40491.179688,-9006.428711,9.841801,
-0.018044,40491.179688,-9006.428711,9.841801,
-0.018044,40491.179688,-9006.428711,9.841801,
-0.018044,40491.179688,-9006.428711,9.841801,
-0.018044,40491.179688,-9006.428711,9.841801,
-0.018044,40491.179688,-9006.428711,9.841801,
-0.018044,40491.179688,-9006.428711,9.841801,
-0.018044,40491.179688,-9006.428711,9.841801,
-0.018044,40491.179688,-9006.428711,9.841801,
-0.018044,40491.179688,-9006.428711,9.841801,
-0.018044,40491.179688,-9006.428711,9.841801,
-0.018044,40491.179688,-9006.428711,9.841801,
-0.018044,40491.179688,-9006.428711,9.841801,
0.076627,-831.934570,-13841.248047,9.839963,
0.076627,-831.934570,-13841.248047,9.839963,
0.076627,-831.934570,-13841.248047,9.839963,
0.076627,-831.934570,-13841.248047,9.839963,
0.076627,-831.934570,-13841.248047,9.839963,
0.076627,-831.934570,-13841.248047,9.839963,
0.076627,-831.934570,-13841.248047,9.839963,
0.076627,-831.934570,-13841.248047,9.839963,
-0.061338,-3248.074707,-5024.333008,9.833604,
-0.061338,-3248.074707,-5024.333008,9.833604,
-0.061338,-3248.074707,-5024.333008,9.833604,
-0.061338,-3248.074707,-5024.333008,9.833604,
-0.061338,-3248.074707,-5024.333008,9.833604,
-0.109301,-6128.821289,-9183.398438,9.841365,
-0.109301,-6128.821289,-9183.398438,9.841365,
-0.109301,-6128.821289,-9183.398438,9.841365,
-0.109301,-6128.821289,-9183.398438,9.841365,
-0.109301,-6128.821289,-9183.398438,9.841365,
-0.109301,-6128.821289,-9183.398438,9.841365,
-0.109301,-6128.821289,-9183.398438,9.841365,
-0.109301,-6128.821289,-9183.398438,9.841365,
-0.109301,-6128.821289,-9183.398438,9.841365,
-0.109301,-6128.821289,-9183.398438,9.841365,
-0.109301,-6128.821289,-9183.398438,9.841365,
-0.109301,-6128.821289,-9183.398438,9.841365,
-0.109301,-6128.821289,-9183.398438,9.841365,
-0.109301,-6128.821289,-9183.398438,9.841365,
-0.109301,-6128.821289,-9183.398438,9.841365,
-0.109301,-6128.821289,-9183.398438,9.841365,
-0.109301,-6128.821289,-9183.398438,9.841365,
-0.109301,-6128.821289,-9183.398438,9.841365,
-0.109301,-6128.821289,-9183.398438,9.841365,
-0.109301,-6128.821289,-9183.398438,9.841365,
-0.109301,-6128.821289,-9183.398438,9.841365,
-0.109301,-6128.821289,-9183.398438,9.841365,
-0.109301,-6128.821289,-9183.398438,9.841365,
-0.109301,-6128.821289,-9183.398438,9.841365,
-0.109301,-6128.821289,-9183.398438,9.841365,
-0.109301,-6128.821289,-9183.398438,9.841365,
-0.109301,-6128.821289,-9183.398438,9.841365,
-0.157816,-1664.957031,-2751.753662,9.838844,
-0.157816,-1664.957031,-2751.753662,9.838844,
-0.157816,-1664.957031,-2751.753662,9.838844,
-0.157816,-1664.957031,-2751.753662,9.838844,
-0.157816,-1664.957031,-2751.753662,9.838844,
-0.157816,-1664.957031,-2751.753662,9.838844,
-0.157816,-1664.957031,-2751.753662,9.838844,
-0.157816,-1664.957031,-2751.753662,9.838844,
-0.157816,-1664.957031,-2751.753662,9.838844,
-0.157816,-1664.957031,-2751.753662,9.838844,
-0.157816,-1664.957031,-2751.753662,9.838844,
-0.157816,-1664.957031,-2751.753662,9.838844,
-0.157816,-1664.957031,-2751.753662,9.838844,
-0.157816,-1664.957031,-2751.753662,9.838844,
-0.157816,-1664.957031,-2751.753662,9.838844,
-0.157816,-1664.957031,-2751.753662,9.838844,
-0.157816,-1664.957031,-2751.753662,9.838844,
-0.157816,-1664.957031,-2751.753662,9.838844,
-0.157816,-1664.957031,-2751.753662,9.838844,
-0.157816,-1664.957031,-2751.753662,9.838844,
-0.157816,-1664.957031,-2751.753662,9.838844,
-0.157816,-1664.957031,-2751.753662,9.838844,
-0.157816,-1664.957031,-2751.753662,9.838844,
-0.157816,-1664.957031,-2751.753662,9.838844,
-0.157816,-1664.957031,-2751.753662,9.838844,
-0.157816,-1664.957031,-2751.753662,9.838844,
-0.157816,-1664.957031,-2751.753662,9.838844,
-0.157816,-1664.957031,-2751.753662,9.838844,
-0.157816,-1664.957031,-2751.753662,9.838844,
-0.157816,-1664.957031,-2751.753662,9.838844,
-0.157816,-1664.957031,-2751.753662,9.838844,
-0.157816,-1664.957031,-2751.753662,9.838844,
-0.157816,-1664.957031,-2751.753662,9.838844,
-0.157816,-1664.957031,-2751.753662,9.838844,
-0.157816,-1664.957031,-2751.753662,9.838844,
-0.157816,-1664.957031,-2751.753662,9.838844,
-0.157816,-1664.957031,-2751.753662,9.838844,
-0.157816,-1664.957031,-2751.753662,9.838844,
-0.157816,-1664.957031,-2751.753662,9.838844,
-0.157816,-1664.957031,-2751.753662,9.838844,
-0.157816,-1664.957031,-2751.753662,9.838844,
-0.157816,-1664.957031,-2751.753662,9.838844,
-0.157816,-1664.957031,-2751.753662,9.838844,
-0.157816,-1664.957031,-2751.753662,9.838844,
-0.157816,-1664.957031,-2751.753662,9.838844,
-0.157816,-1664.957031,-2751.753662,9.838844,
-0.157816,-1664.957031,-2751.753662,9.838844,
-0.157816,-1664.957031,-2751.753662,9.838844,
-0.157816,-1664.957031,-2751.753662,9.838844,
-0.157816,-1664.957031,-2751.753662,9.838844,
-0.157816,-1664.957031,-2751.753662,9.838844,
-0.157816,-1664.957031,-2751.753662,9.838844,
-0.157816,-1664.957031,-2751.753662,9.838844,
-0.157816,-1664.957031,-2751.753662,9.838844,
-0.157816,-1664.957031,-2751.753662,9.838844,
-0.157816,-1664.957031,-2751.753662,9.838844,
-0.157816,-1664.957031,-2751.753662,9.838844,
-0.157816,-1664.957031,-2751.753662,9.838844,
-0.157816,-1664.957031,-2751.753662,9.838844,
-0.157816,-1664.957031,-2751.753662,9.838844,
-0.157816,-1664.957031,-2751.753662,9.838844,
-0.157816,-1664.957031,-2751.753662,9.838844,
-0.157816,-1664.957031,-2751.753662,9.838844,
-0.157816,-1664.957031,-2751.753662,9.838844,
-0.157816,-1664.957031,-2751.753662,9.838844,
-0.157816,-1664.957031,-2751.753662,9.838844,
-0.157816,-1664.957031,-2751.753662,9.838844,
-0.157816,-1664.957031,-2751.753662,9.838844,
-0.157816,-1664.957031,-2751.753662,9.838844,
-0.157816,-1664.957031,-2751.753662,9.838844,
-0.157816,-1664.957031,-2751.753662,9.838844,
-0.157816,-1664.957031,-2751.753662,9.838844,
-0.157816,-1664.957031,-2751.753662,9.838844,
-0.157816,-1664.957031,-2751.753662,9.838844,
-0.157816,-1664.957031,-2751.753662,9.838844,
-0.157816,-1664.957031,-2751.753662,9.838844,
-0.157816,-1664.957031,-2751.753662,9.838844,
-0.157816,-1664.957031,-2751.753662,9.838844,
-0.157816,-1664.957031,-2751.753662,9.838844,
-0.157816,-1664.957031,-2751.753662,9.838844,
-0.157816,-1664.957031,-2751.753662,9.838844,
-0.157816,-1664.957031,-2751.753662,9.838844,
-0.157816,-1664.957031,-2751.753662,9.838844,
-0.157816,-1664.957031,-2751.753662,9.838844,
-0.157816,-1664.957031,-2751.753662,9.838844,
-0.157816,-1664.957031,-2751.753662,9.838844,
-0.157816,-1664.957031,-2751.753662,9.838844,
-0.157816,-1664.957031,-2751.753662,9.838844,
-0.157816,-1664.957031,-2751.753662,9.838844,
-0.152780,10732.078125,1626.436768,9.842052,
-0.152780,10732.078125,1626.436768,9.842052,
-0.152780,10732.078125,1626.436768,9.842052,
-0.152780,10732.078125,1626.436768,9.842052,
-0.152780,10732.078125,1626.436768,9.842052,
-0.152780,10732.078125,1626.436768,9.842052,
-0.152780,10732.078125,1626.436768,9.842052,
-0.152780,10732.078125,1626.436768,9.842052,
-0.152780,10732.078125,1626.436768,9.842052,
-0.152780,10732.078125,1626.436768,9.842052,
-0.152780,10732.078125,1626.436768,9.842052,
-0.152780,10732.078125,1626.436768,9.842052,
-0.152780,10732.078125,1626.436768,9.842052,
-0.152780,10732.078125,1626.436768,9.842052,
-0.152780,10732.078125,1626.436768,9.842052,
0.130863,109.958008,-245.187500,9.839857,
0.130863,109.958008,-245.187500,9.839857,
0.130863,109.958008,-245.187500,9.839857,
0.130863,109.958008,-245.187500,9.839857,
0.130863,109.958008,-245.187500,9.839857,
0.130863,109.958008,-245.187500,9.839857,
0.130863,109.958008,-245.187500,9.839857,
0.130863,109.958008,-245.187500,9.839857,
0.130863,109.958008,-245.187500,9.839857,
0.130863,109.958008,-245.187500,9.839857,
0.130863,109.958008,-245.187500,9.839857,
0.130863,109.958008,-245.187500,9.839857,
0.130863,109.958008,-245.187500,9.839857,
0.130863,109.958008,-245.187500,9.839857,
0.130863,109.958008,-245.187500,9.839857,
0.130863,109.958008,-245.187500,9.839857,
0.130863,109.958008,-245.187500,9.839857,
0.130863,109.958008,-245.187500,9.839857,
0.130863,109.958008,-245.187500,9.839857,
0.130863,109.958008,-245.187500,9.839857,
0.130863,109.958008,-245.187500,9.839857,
0.130863,109.958008,-245.187500,9.839857,
0.130863,109.958008,-245.187500,9.839857,
0.130863,109.958008,-245.187500,9.839857,
0.130863,109.958008,-245.187500,9.839857,
0.130863,109.958008,-245.187500,9.839857,
0.130863,109.958008,-245.187500,9.839857,
0.130863,109.958008,-245.187500,9.839857,
0.130863,109.958008,-245.187500,9.839857,
0.130863,109.958008,-245.187500,9.839857,
0.130863,109.958008,-245.187500,9.839857,
0.130863,109.958008,-245.187500,9.839857,
0.130863,109.958008,-245.187500,9.839857,
0.130863,109.958008,-245.187500,9.839857,
0.130863,109.958008,-245.187500,9.839857,
0.130863,109.958008,-245.187500,9.839857,
0.130863,109.958008,-245.187500,9.839857,
0.130863,109.958008,-245.187500,9.839857,
0.130863,109.958008,-245.187500,9.839857,
0.130863,109.958008,-245.187500,9.839857,
0.130863,109.958008,-245.187500,9.839857,
0.130863,109.958008,-245.187500,9.839857,
0.130863,109.958008,-245.187500,9.839857,
0.130863,109.958008,-245.187500,9.839857,
0.130863,109.958008,-245.187500,9.839857,
0.130863,109.958008,-245.187500,9.839857,
0.130863,109.958008,-245.187500,9.839857,
0.130863,109.958008,-245.187500,9.839857,
0.130863,109.958008,-245.187500,9.839857,
0.130863,109.958008,-245.187500,9.839857,
0.130863,109.958008,-245.187500,9.839857,
0.130863,109.958008,-245.187500,9.839857,
0.130863,109.958008,-245.187500,9.839857,
0.130863,109.958008,-245.187500,9.839857,
0.130863,109.958008,-245.187500,9.839857,
0.130863,109.958008,-245.187500,9.839857,
0.130863,109.958008,-245.187500,9.839857,
-0.157816,-681.986450,-2751.753662,9.845106,
-0.157816,-681.986450,-2751.753662,9.845106,
-0.157816,-681.986450,-2751.753662,9.845106,
-0.157816,-681.986450,-2751.753662,9.845106,
-0.157816,-681.986450,-2751.753662,9.845106,
-0.157816,-681.986450,-2751.753662,9.845106,
-0.157816,-681.986450,-2751.753662,9.845106,
-0.157816,-681.986450,-2751.753662,9.845106,
-0.157816,-681.986450,-2751.753662,9.845106,
-0.157816,-681.986450,-2751.753662,9.845106,
-0.157816,-681.986450,-2751.753662,9.845106,
-0.157816,-681.986450,-2751.753662,9.845106,
-0.157816,-681.986450,-2751.753662,9.845106,
-0.157816,-681.986450,-2751.753662,9.845106,
-0.157816,-681.986450,-2751.753662,9.845106,
-0.157816,-681.986450,-2751.753662,9.845106,
-0.157816,-681.986450,-2751.753662,9.845106,
-0.157816,-681.986450,-2751.753662,9.845106,
-0.157816,-681.986450,-2751.753662,9.845106,
-0.157816,-681.986450,-2751.753662,9.845106,
-0.157816,-681.986450,-2751.753662,9.845106,
-0.157816,-681.986450,-2751.753662,9.845106,
-0.157816,-681.986450,-2751.753662,9.845106,
-0.157816,-681.986450,-2751.753662,9.845106,
-0.157816,-681.986450,-2751.753662,9.845106,
-0.157816,-681.986450,-2751.753662,9.845106,
-0.157816,-681.986450,-2751.753662,9.845106,
-0.157816,-681.986450,-2751.753662,9.845106,
-0.157816,-681.986450,-2751.753662,9.845106,
-0.157816,-681.986450,-2751.753662,9.845106,
-0.157816,-681.986450,-2751.753662,9.845106,
-0.157816,-681.986450,-2751.753662,9.845106,
-0.157816,-681.986450,-2751.753662,9.845106,
-0.157816,-681.986450,-2751.753662,9.845106,
-0.157816,-681.986450,-2751.753662,9.845106,
-0.157816,-681.986450,-2751.753662,9.845106,
-0.157816,-681.986450,-2751.753662,9.845106,
-0.157816,-681.986450,-2751.753662,9.845106,
-0.157816,-681.986450,-2751.753662,9.845106,
-0.157816,-681.986450,-2751.753662,9.845106,
-0.157816,-681.986450,-2751.753662,9.845106,
-0.157816,-681.986450,-2751.753662,9.845106,
-0.157816,-681.986450,-2751.753662,9.845106,
-0.157816,-681.986450,-2751.753662,9.845106,
-0.157816,-681.986450,-2751.753662,9.845106,
-0.157816,-681.986450,-2751.753662,9.845106,
-0.157816,-681.986450,-2751.753662,9.845106,
-0.157816,-681.986450,-2751.753662,9.845106,
-0.157816,-681.986450,-2751.753662,9.845106,
-0.157816,-681.986450,-2751.753662,9.845106,
-0.157816,-681.986450,-2751.753662,9.845106,
-0.157816,-681.986450,-2751.753662,9.845106,
-0.157816,-681.986450,-2751.753662,9.845106,
-0.157816,-681.986450,-2751.753662,9.845106,
-0.157816,-681.986450,-2751.753662,9.845106,
-0.157816,-681.986450,-2751.753662,9.845106,
-0.157816,-681.986450,-2751.753662,9.845106,
-0.157816,-681.986450,-2751.753662,9.845106,
-0.157816,-681.986450,-2751.753662,9.845106,
-0.157816,-681.986450,-2751.753662,9.845106,
-0.157816,-681.986450,-2751.753662,9.845106,
-0.157816,-681.986450,-2751.753662,9.845106,
0.483604,-18040.984375,-2442.366211,9.842052,
0.483604,-18040.984375,-2442.366211,9.842052,
0.483604,-18040.984375,-2442.366211,9.842052,
0.483604,-18040.984375,-2442.366211,9.842052,
0.483604,-18040.984375,-2442.366211,9.842052,
0.483604,-18040.984375,-2442.366211,9.842052,
0.483604,-18040.984375,-2442.366211,9.842139,
0.483604,-18040.984375,-2442.366211,9.842139,
0.483604,-18040.984375,-2442.366211,9.842139,
0.483604,-18040.984375,-2442.366211,9.842139,
0.483604,-18040.984375,-2442.366211,9.842139,
0.483604,-18040.984375,-2442.366211,9.842139,
0.483604,-18040.984375,-2442.366211,9.842139,
0.483604,-18040.984375,-2442.366211,9.842139,
0.483604,-18040.984375,-2442.366211,9.842139,
0.483604,-18040.984375,-2442.366211,9.842139,
0.251968,-5683.984375,-802.569824,9.840528,
0.251968,-5683.984375,-802.569824,9.840528,
0.251968,-5683.984375,-802.569824,9.840528,
0.251968,-5683.984375,-802.569824,9.840528,
0.251968,-5683.984375,-802.569824,9.840528,
0.251968,-5683.984375,-802.569824,9.840528,
0.251968,-5683.984375,-802.569824,9.840528,
0.251968,-5683.984375,-802.569824,9.840528,
0.251968,-5683.984375,-802.569824,9.840528,
0.251968,-5683.984375,-802.569824,9.840528,
0.251968,-5683.984375,-802.569824,9.840528,
0.251968,-5683.984375,-802.569824,9.840528,
0.251968,-5683.984375,-802.569824,9.840528,
0.251968,-5683.984375,-802.569824,9.840528,
0.251968,-5683.984375,-802.569824,9.840528,
0.251968,-5683.984375,-802.569824,9.840528,
0.251968,-5683.984375,-802.569824,9.840528,
0.251968,-5683.984375,-802.569824,9.840528,
0.251968,-5683.984375,-802.569824,9.840528,
0.251968,-5683.984375,-802.569824,9.840528,
0.251968,-5683.984375,-802.569824,9.840528,
0.251968,-5683.984375,-802.569824,9.840528,
0.251968,-5683.984375,-802.569824,9.840528,
0.251968,-5683.984375,-802.569824,9.840528,
0.251968,-5683.984375,-802.569824,9.840528,
0.251968,-5683.984375,-802.569824,9.840528,
0.251968,-5683.984375,-802.569824,9.840528,
0.251968,-5683.984375,-802.569824,9.840528,
0.251968,-5683.984375,-802.569824,9.840528,
0.251968,-5683.984375,-802.569824,9.840528,
0.251968,-5683.984375,-802.569824,9.840528,
0.251968,-5683.984375,-802.569824,9.840528,
0.251968,-5683.984375,-802.569824,9.840528,
0.251968,-5683.984375,-802.569824,9.840528,
0.251968,-5683.984375,-802.569824,9.840528,
0.251968,-5683.984375,-802.569824,9.840528,
0.251968,-5683.984375,-802.569824,9.840528,
0.251968,-5683.984375,-802.569824,9.840528,
0.251968,-5683.984375,-802.569824,9.840528,
0.251968,-5683.984375,-802.569824,9.840528,
0.251968,-5683.984375,-802.569824,9.840528,
0.251968,-5683.984375,-802.569824,9.840528,
0.251968,-5683.984375,-802.569824,9.840528,
0.251968,-5683.984375,-802.569824,9.840528,
0.251968,-5683.984375,-802.569824,9.840528,
0.251968,-5683.984375,-802.569824,9.840528,
0.251968,-5683.984375,-802.569824,9.840528,
0.251968,-5683.984375,-802.569824,9.840528,
0.251968,-5683.984375,-802.569824,9.840528,
0.251968,-5683.984375,-802.569824,9.840528,
0.251968,-5683.984375,-802.569824,9.840528,
0.251968,-5683.984375,-802.569824,9.840528,
0.251968,-5683.984375,-802.569824,9.840528,
0.251968,-5683.984375,-802.569824,9.840528,
0.251968,-5683.984375,-802.569824,9.840528,
0.251968,-5683.984375,-802.569824,9.840528,
0.251968,-5683.984375,-802.569824,9.840528,
0.251968,-5683.984375,-802.569824,9.840528,
0.251968,-5683.984375,-802.569824,9.840528,
0.251968,-5683.984375,-802.569824,9.840528,
0.251968,-5683.984375,-802.569824,9.840528,
0.251968,-5683.984375,-802.569824,9.840528,
0.251968,-5683.984375,-802.569824,9.840528,
0.251968,-5683.984375,-802.569824,9.840528,
0.251968,-5683.984375,-802.569824,9.840528,
0.251968,-5683.984375,-802.569824,9.840528,
0.251968,-5683.984375,-802.569824,9.840528,
0.251968,-5683.984375,-802.569824,9.840528,
0.251968,-5683.984375,-802.569824,9.840528,
0.251968,-5683.984375,-802.569824,9.840528,
0.251968,-5683.984375,-802.569824,9.840528,
0.251968,-5683.984375,-802.569824,9.840528,
0.251968,-5683.984375,-802.569824,9.840528,
0.251968,-5683.984375,-802.569824,9.840528,
0.251968,-5683.984375,-802.569824,9.840528,
0.251968,-5683.984375,-802.569824,9.840528,
0.260486,-18040.984375,25863.404297,9.842658,
0.260486,-18040.984375,25863.404297,9.842658,
0.260486,-18040.984375,25863.404297,9.842658,
0.260486,-18040.984375,25863.404297,9.842658,
0.260486,-18040.984375,25863.404297,9.842658,
0.260486,-18040.984375,25863.404297,9.842658,
0.260486,-18040.984375,25863.404297,9.842658,
0.260486,-18040.984375,25863.404297,9.842658,
0.260486,-18040.984375,25863.404297,9.842658,
0.260486,-18040.984375,25863.404297,9.842658,
0.260486,-18040.984375,25863.404297,9.842658,
0.260486,-18040.984375,25863.404297,9.842658,
0.260486,-18040.984375,25863.404297,9.842658,
0.260486,-18040.984375,25863.404297,9.842658,
0.260486,-18040.984375,25863.404297,9.842658,
0.260486,-18040.984375,25863.404297,9.842658,
0.260486,-18040.984375,25863.404297,9.842658,
0.260486,-18040.984375,25863.404297,9.842658,
0.260486,-18040.984375,25863.404297,9.842658,
0.260486,-18040.984375,25863.404297,9.842658,
0.260486,-18040.984375,25863.404297,9.842658,
0.477377,37329.976563,-13618.661133,9.836975,
0.477377,37329.976563,-13618.661133,9.836975,
0.477377,37329.976563,-13618.661133,9.836975,
0.477377,37329.976563,-13618.661133,9.836975,
0.477377,37329.976563,-13618.661133,9.836975,
0.477377,37329.976563,-13618.661133,9.836975,
0.477377,37329.976563,-13618.661133,9.836975,
0.477377,37329.976563,-13618.661133,9.836975,
0.477377,37329.976563,-13618.661133,9.836975,
0.477377,37329.976563,-13618.661133,9.836975,
0.477377,37329.976563,-13618.661133,9.836975,
0.477377,37329.976563,-13618.661133,9.836975,
0.477377,37329.976563,-13618.661133,9.836975,
0.477377,37329.976563,-13618.661133,9.836975,
0.477377,37329.976563,-13618.661133,9.836975,
0.477377,37329.976563,-13618.661133,9.836975,
0.477377,37329.976563,-13618.661133,9.836975,
0.477377,37329.976563,-13618.661133,9.836975,
0.477377,37329.976563,-13618.661133,9.836975,
0.477377,37329.976563,-13618.661133,9.836975,
0.477377,37329.976563,-13618.661133,9.836975,
0.477377,37329.976563,-13618.661133,9.836975,
0.477377,37329.976563,-13618.661133,9.836975,
0.477377,37329.976563,-13618.661133,9.836975,
0.477377,37329.976563,-13618.661133,9.836975,
0.477377,37329.976563,-13618.661133,9.836975,
0.477377,37329.976563,-13618.661133,9.836975,
0.477377,37329.976563,-13618.661133,9.836975,
0.535679,-16625.039063,-28824.488281,9.856388,
0.535679,-16625.039063,-28824.488281,9.856388,
0.535679,-16625.039063,-28824.488281,9.856388,
0.535679,-16625.039063,-28824.488281,9.856388,
0.535679,-16625.039063,-28824.488281,9.850183,
0.535679,-16625.039063,-28824.488281,9.850183,
0.535679,-16625.039063,-28824.488281,9.850183,
0.535679,-16625.039063,-28824.488281,9.850183,
0.535679,-16625.039063,-28824.488281,9.850183,
0.535679,-16625.039063,-28824.488281,9.850183,
0.535679,-16625.039063,-28824.488281,9.850183,
0.535679,-16625.039063,-28824.488281,9.850183,
0.535679,-16625.039063,-28824.488281,9.850183,
0.535679,-16625.039063,-28824.488281,9.850183,
0.535679,-16625.039063,-28824.488281,9.850183,
0.535679,-16625.039063,-28824.488281,9.850183,
0.535679,-16625.039063,-28824.488281,9.850183,
0.535679,-16625.039063,-28824.488281,9.850183,
0.535679,-16625.039063,-28824.488281,9.850183,
0.535679,-16625.039063,-28824.488281,9.850183,
0.535679,-16625.039063,-28824.488281,9.850183,
0.535679,-16625.039063,-28824.488281,9.850183,
0.535679,-16625.039063,-28824.488281,9.850183,
0.535679,-16625.039063,-28824.488281,9.850183,
0.535679,-16625.039063,-28824.488281,9.850183,
0.535679,-16625.039063,-28824.488281,9.850183,
0.535679,-16625.039063,-28824.488281,9.850183,
0.535679,-16625.039063,-28824.488281,9.850183,
0.535679,-16625.039063,-28824.488281,9.850183,
0.535679,-16625.039063,-28824.488281,9.850183,
0.535679,-16625.039063,-28824.488281,9.850183,
0.535679,-16625.039063,-28824.488281,9.850183,
0.535679,-16625.039063,-28824.488281,9.850183,
0.535679,-16625.039063,-28824.488281,9.850183,
0.535679,-16625.039063,-28824.488281,9.850183,
0.535679,-16625.039063,-28824.488281,9.850183,
0.535679,-16625.039063,-28824.488281,9.850183,
0.535679,-16625.039063,-28824.488281,9.850183,
0.535679,-16625.039063,-28824.488281,9.850183,
0.535679,-16625.039063,-28824.488281,9.850183,
0.535679,-16625.039063,-28824.488281,9.850183,
0.535679,-16625.039063,-28824.488281,9.850183,
0.535679,-16625.039063,-28824.488281,9.850183,
0.535679,-16625.039063,-28824.488281,9.850183,
0.535679,-16625.039063,-28824.488281,9.850183,
0.535679,-16625.039063,-28824.488281,9.850183,
0.535679,-16625.039063,-28824.488281,9.850183,
0.535679,-16625.039063,-28824.488281,9.850183,
0.535679,-16625.039063,-28824.488281,9.850183,
0.535679,-16625.039063,-28824.488281,9.850183,
0.535679,-16625.039063,-28824.488281,9.850183,
0.535679,-16625.039063,-28824.488281,9.850183,
0.535679,-16625.039063,-28824.488281,9.850183,
0.535679,-16625.039063,-28824.488281,9.850183,
0.486984,-16625.039063,-28824.488281,9.850183,
0.486984,-16625.039063,-28824.488281,9.850183,
0.486984,-16625.039063,-28824.488281,9.850183,
0.486984,-16625.039063,-28824.488281,9.850183,
0.486984,-16625.039063,-28824.488281,9.850183,
0.486984,-16625.039063,-28824.488281,9.850183,
0.486984,-16625.039063,-28824.488281,9.850183,
0.486984,-16625.039063,-28824.488281,9.850183,
0.486984,-16625.039063,-28824.488281,9.850183,
0.486984,-16625.039063,-28824.488281,9.850183,
0.486984,-16625.039063,-28824.488281,9.850183,
0.486984,-16625.039063,-28824.488281,9.850183,
0.486984,-16625.039063,-28824.488281,9.850183,
0.486984,-16625.039063,-28824.488281,9.850183,
0.486984,-16625.039063,-28824.488281,9.850183,
0.486984,-16625.039063,-28824.488281,9.850183,
0.486984,-16625.039063,-28824.488281,9.850183,
0.486984,-16625.039063,-28824.488281,9.850183,
0.486984,-16625.039063,-28824.488281,9.850183,
0.486984,-16625.039063,-28824.488281,9.850183,
0.486984,-16625.039063,-28824.488281,9.850183,
0.486984,-16625.039063,-28824.488281,9.850183,
0.486984,-16625.039063,-28824.488281,9.850183,
0.486984,-16625.039063,-28824.488281,9.850183,
0.486984,-16625.039063,-28824.488281,9.850183,
0.486984,-16625.039063,-28824.488281,9.850183,
0.486984,-16625.039063,-28824.488281,9.850183,
0.486984,-16625.039063,-28824.488281,9.850183,
0.486984,-16625.039063,-28824.488281,9.850183,
0.486984,-16625.039063,-28824.488281,9.850183,
0.486984,-16625.039063,-28824.488281,9.850183,
0.486984,-16625.039063,-28824.488281,9.850183,
0.486984,-16625.039063,-28824.488281,9.850183,
0.486984,-16625.039063,-28824.488281,9.850183,
0.486984,-16625.039063,-28824.488281,9.850183,
0.486984,-16625.039063,-28824.488281,9.850183,
0.486984,-16625.039063,-28824.488281,9.850183,
0.486984,-16625.039063,-28824.488281,9.850183,
0.486984,-16625.039063,-28824.488281,9.850183,
0.486984,-16625.039063,-28824.488281,9.850183,
0.486984,-16625.039063,-28824.488281,9.850183,
0.486984,-16625.039063,-28824.488281,9.850183,
0.486984,-16625.039063,-28824.488281,9.850183,
0.486984,-16625.039063,-28824.488281,9.850183,
0.486984,-16625.039063,-28824.488281,9.850183,
0.486984,-16625.039063,-28824.488281,9.850183,
0.486984,-16625.039063,-28824.488281,9.850183,
0.486984,-16625.039063,-28824.488281,9.850183,
0.486984,-16625.039063,-28824.488281,9.850183,
0.486984,-16625.039063,-28824.488281,9.850183,
0.486984,-16625.039063,-28824.488281,9.850183,
0.486984,-16625.039063,-28824.488281,9.850183,
0.486984,-16625.039063,-28824.488281,9.850183,
0.486984,-16625.039063,-28824.488281,9.850183,
0.486984,-16625.039063,-28824.488281,9.850183,
0.486984,-16625.039063,-28824.488281,9.850183,
0.486984,-16625.039063,-28824.488281,9.850183,
0.486984,-16625.039063,-28824.488281,9.850183,
0.486984,-16625.039063,-28824.488281,9.850183,
0.486984,-16625.039063,-28824.488281,9.850183,
0.486984,-16625.039063,-28824.488281,9.850183,
0.486984,-16625.039063,-28824.488281,9.850183,
0.486984,-16625.039063,-28824.488281,9.850183,
0.486984,-16625.039063,-28824.488281,9.850183,
0.486984,-16625.039063,-28824.488281,9.850183,
0.486984,-16625.039063,-28824.488281,9.850183,
0.486984,-16625.039063,-28824.488281,9.850183,
0.486984,-16625.039063,-28824.488281,9.850183,
0.486984,-16625.039063,-28824.488281,9.850183,
0.486984,-16625.039063,-28824.488281,9.850183,
0.486984,-16625.039063,-28824.488281,9.850183,
0.486984,-16625.039063,-28824.488281,9.850183,
0.486984,-16625.039063,-28824.488281,9.850183,
0.486984,-16625.039063,-28824.488281,9.850183,
0.486984,-16625.039063,-28824.488281,9.850183,
0.486984,-16625.039063,-28824.488281,9.850183,
0.486984,-16625.039063,-28824.488281,9.850183,
0.486984,-16625.039063,-28824.488281,9.850183,
0.486984,-16625.039063,-28824.488281,9.850183,
0.486984,-16625.039063,-28824.488281,9.850183,
0.486984,-16625.039063,-28824.488281,9.850183,
0.486984,-16625.039063,-28824.488281,9.850183,
0.486984,-16625.039063,-28824.488281,9.850183,
0.486984,-16625.039063,-28824.488281,9.850183,
0.486984,-16625.039063,-28824.488281,9.850183,
0.486984,-16625.039063,-28824.488281,9.850183,
0.486984,-16625.039063,-28824.488281,9.850183,
0.486984,-16625.039063,-28824.488281,9.850183,
0.486984,-16625.039063,-28824.488281,9.850183,
0.486984,-16625.039063,-28824.488281,9.850183,
0.486984,-16625.039063,-28824.488281,9.850183,
0.486984,-16625.039063,-28824.488281,9.850183,
0.486984,-16625.039063,-28824.488281,9.850183,
0.486984,-16625.039063,-28824.488281,9.850183,
0.486984,-16625.039063,-28824.488281,9.850183,
0.486984,-16625.039063,-28824.488281,9.850183,
0.486984,-16625.039063,-28824.488281,9.850183,
0.486984,-16625.039063,-28824.488281,9.850183,
0.486984,-16625.039063,-28824.488281,9.850183,
0.486984,-16625.039063,-28824.488281,9.850183,
0.486984,-16625.039063,-28824.488281,9.850183,
0.486984,-16625.039063,-28824.488281,9.850183,
0.486984,-16625.039063,-28824.488281,9.850183,
0.486984,-16625.039063,-28824.488281,9.850183,
0.486984,-16625.039063,-28824.488281,9.850183,
0.486984,-16625.039063,-28824.488281,9.850183,
0.486984,-16625.039063,-28824.488281,9.850183,
0.486984,-16625.039063,-28824.488281,9.850183,
0.486984,-16625.039063,-28824.488281,9.850183,
0.486984,-16625.039063,-28824.488281,9.850183,
0.486984,-16625.039063,-28824.488281,9.850183,
0.486984,-16625.039063,-28824.488281,9.850183,
0.486984,-16625.039063,-28824.488281,9.850183,
0.486984,-16625.039063,-28824.488281,9.850183,
0.486984,-16625.039063,-28824.488281,9.850183,
0.486984,-16625.039063,-28824.488281,9.850183,
0.486984,-16625.039063,-28824.488281,9.850183,
0.486984,-16625.039063,-28824.488281,9.850183,
0.486984,-16625.039063,-28824.488281,9.850183,
0.486984,-16625.039063,-28824.488281,9.850183,
0.486984,-16625.039063,-28824.488281,9.850183,
0.486984,-16625.039063,-28824.488281,9.850183,
0.486984,-16625.039063,-28824.488281,9.850183,
0.486984,-16625.039063,-28824.488281,9.850183,
0.486984,-16625.039063,-28824.488281,9.850183,
0.486984,-16625.039063,-28824.488281,9.850183,
0.486984,-16625.039063,-28824.488281,9.850183,
0.486984,-16625.039063,-28824.488281,9.850183,
0.486984,-16625.039063,-28824.488281,9.850183,
0.486984,-16625.039063,-28824.488281,9.850183,
0.486984,-16625.039063,-28824.488281,9.850183,
0.486984,-16625.039063,-28824.488281,9.850183,
0.486984,-16625.039063,-28824.488281,9.850183,
0.486984,-16625.039063,-28824.488281,9.850183,
0.486984,-16625.039063,-28824.488281,9.850183,
0.486984,-16625.039063,-28824.488281,9.850183,
0.486984,-16625.039063,-28824.488281,9.850183,
0.486984,-16625.039063,-28824.488281,9.850183,
0.486984,-16625.039063,-28824.488281,9.850183,
0.486984,-16625.039063,-28824.488281,9.850183,
0.486984,-16625.039063,-28824.488281,9.850183,
0.486984,-16625.039063,-28824.488281,9.850183,
0.486984,-16625.039063,-28824.488281,9.850183,
0.486984,-16625.039063,-28824.488281,9.850183,
0.486984,-16625.039063,-28824.488281,9.850183,
0.486984,-16625.039063,-28824.488281,9.850183,
0.486984,-16625.039063,-28824.488281,9.850183,
0.486984,-16625.039063,-28824.488281,9.850183,
0.486984,-16625.039063,-28824.488281,9.850183,
0.486984,-16625.039063,-28824.488281,9.850183,
0.486984,-16625.039063,-28824.488281,9.850183,
0.486984,-16625.039063,-28824.488281,9.850183,
0.486984,-16625.039063,-28824.488281,9.850183,
0.486984,-16625.039063,-28824.488281,9.850183,
0.486984,-16625.039063,-28824.488281,9.850183,
0.486984,-16625.039063,-28824.488281,9.850183,
0.486984,-16625.039063,-28824.488281,9.850183,
0.486984,-16625.039063,-28824.488281,9.850183,
0.486984,-16625.039063,-28824.488281,9.850183,
0.486984,-16625.039063,-28824.488281,9.850183,
0.486984,-16625.039063,-28824.488281,9.850183,
0.486984,-16625.039063,-28824.488281,9.850183,
0.486984,-16625.039063,-28824.488281,9.850183,
0.486984,-16625.039063,-28824.488281,9.850183,
0.486984,-16625.039063,-28824.488281,9.850183,
0.486984,-16625.039063,-28824.488281,9.850183,
0.486984,-16625.039063,-28824.488281,9.850183,
0.486984,-16625.039063,-28824.488281,9.850183,
0.486984,-16625.039063,-28824.488281,9.850183,
0.486984,-16625.039063,-28824.488281,9.850183,
0.486984,-16625.039063,-28824.488281,9.850183,
0.486984,-16625.039063,-28824.488281,9.850183,
0.486984,-16625.039063,-28824.488281,9.850183,
0.486984,-16625.039063,-28824.488281,9.850183,
0.486984,-16625.039063,-28824.488281,9.850183,
0.486984,-16625.039063,-28824.488281,9.850183,
0.486984,-16625.039063,-28824.488281,9.850183,
0.486984,-16625.039063,-28824.488281,9.850183,
0.486984,-16625.039063,-28824.488281,9.850183,
0.486984,-9809.019531,-2922.766357,9.850183,
0.486984,-9809.019531,-2922.766357,9.850183,
0.486984,-9809.019531,-2922.766357,9.850183,
0.486984,-9809.019531,-2922.766357,9.850183,
0.486984,-9809.019531,-2922.766357,9.850183,
3.281317,36049.980469,564.452393,9.861906,
3.281317,36049.980469,564.452393,9.861906,
3.281317,36049.980469,564.452393,9.861906,
3.281317,36049.980469,564.452393,9.861906,
3.281317,36049.980469,564.452393,9.861906,
3.281317,36049.980469,564.452393,9.861906,
3.281317,36049.980469,564.452393,9.861906,
3.281317,36049.980469,564.452393,9.861906,
3.281317,36049.980469,564.452393,9.861906,
3.281317,36049.980469,564.452393,9.861906,
3.281317,36049.980469,564.452393,9.861906,
3.281317,36049.980469,564.452393,9.861906,
3.281317,36049.980469,564.452393,9.861906,
3.281317,36049.980469,564.452393,9.861906,
3.281317,36049.980469,564.452393,9.861906,
3.281317,36049.980469,564.452393,9.861906,
3.281317,36049.980469,564.452393,9.861906,
3.281317,36049.980469,564.452393,9.861906,
3.281317,36049.980469,564.452393,9.861906,
3.281317,36049.980469,564.452393,9.861906,
3.281317,36049.980469,564.452393,9.861906,
3.281317,36049.980469,564.452393,9.861906,
3.281317,36049.980469,564.452393,9.861906,
3.281317,36049.980469,564.452393,9.861906,
3.281317,36049.980469,564.452393,9.861906,
3.281317,36049.980469,564.452393,9.861906,
3.281317,36049.980469,564.452393,9.861906,
3.281317,36049.980469,564.452393,9.861906,
3.281317,36049.980469,564.452393,9.861906,
3.281317,36049.980469,564.452393,9.861906,
3.281317,36049.980469,564.452393,9.861906,
3.281317,36049.980469,564.452393,9.861906,
3.281317,36049.980469,564.452393,9.861906,
3.281317,36049.980469,564.452393,9.861906,
3.281317,36049.980469,564.452393,9.861906,
3.281317,36049.980469,564.452393,9.861906,
3.281317,36049.980469,564.452393,9.861906,
3.281317,36049.980469,564.452393,9.861906,
3.281317,36049.980469,564.452393,9.861906,
3.281317,36049.980469,564.452393,9.861906,
3.281317,36049.980469,564.452393,9.861906,
3.281317,36049.980469,564.452393,9.861906,
3.281317,36049.980469,564.452393,9.861906,
3.281317,36049.980469,564.452393,9.861906,
3.281317,36049.980469,564.452393,9.861906,
3.281317,36049.980469,564.452393,9.861906,
3.281317,36049.980469,564.452393,9.861906,
3.281317,36049.980469,564.452393,9.861906,
3.281317,36049.980469,564.452393,9.861906,
3.281317,36049.980469,564.452393,9.861906,
3.281317,36049.980469,564.452393,9.861906,
3.281317,36049.980469,564.452393,9.861906,
3.281317,36049.980469,564.452393,9.861906,
3.281317,36049.980469,564.452393,9.861906,
3.281317,36049.980469,564.452393,9.861906,
3.281317,36049.980469,564.452393,9.861906,
3.281317,36049.980469,564.452393,9.861906,
3.281317,36049.980469,564.452393,9.861906,
3.282621,-18925.980469,5187.835938,9.861956,